audiofile chunk f0med f0sd f0SAQ f0min f0max sdf0peak f0peakwidth f0peak_rate sdtf0peak df0posmean df0negmean df0sdpos df0sdneg emph cvint slLTASmed slLTAShigh  hnr SPI shimmer jitter 
Amiens t1 130 15.95 9.26 89 163 12.5 11.1 1.30 0.29 3.58 -2.71 2.49 2.95 1.0 17 -20.6 -28.1 9.4 12.9 11.0 2.7 
Amiens t2 126 23.15 11.31 79 186 21.7 7.1 1.82 0.16 3.60 -1.86 3.05 2.42 1.3 20 -21.2 -30.1 10.7 12.7 9.8 2.3 
Amiens t3 114 25.63 23.25 88 171 28.2 8.1 1.87 0.21 3.52 -2.64 3.71 3.10 1.1 14 -21.6 -28.9 10.2 10.9 11.5 2.4 
Amiens t4 143 33.96 31.31 83 193 35.0 3.0 3.64 NA 5.44 -2.46 3.07 3.09 1.4 20 -21.9 -28.7 8.5 12.5 11.5 2.7 
Amiens t5 108 23.06 9.84 93 185 36.7 8.8 2.00 0.16 4.88 -2.32 5.45 3.88 1.0 15 -21.7 -31.3 8.1 13.1 12.3 3.5 
Amiens t6 113 26.53 16.64 95 196 33.7 18.1 1.76 0.10 5.64 -3.11 4.19 3.22 1.1 18 -21.2 -28.6 8.1 12.9 12.2 3.0 
Amiens t7 108 16.77 7.77 76 161 18.7 11.2 1.98 0.33 3.29 -2.20 3.02 2.13 2.0 18 -18.3 -27.4 7.9 9.5 11.7 2.6 
Amiens t8 123 27.51 16.29 100 197 51.4 16.6 1.51 0.43 6.71 -2.12 6.26 2.28 1.0 18 -20.3 -31.7 8.2 15.7 10.5 2.6 
Amiens t9 123 24.29 11.17 91 193 34.2 18.5 1.65 0.27 5.82 -3.79 5.39 4.06 1.1 19 -20.9 -32.3 8.2 13.3 10.5 2.7 
Amiens t10 123 18.14 8.67 86 171 25.6 16.4 1.73 0.25 4.40 -2.89 4.02 2.66 1.2 16 -20.4 -30.5 7.2 14.0 11.8 3.2 
Angers t1 145 20.17 14.35 95 186 19.2 12.9 1.59 0.19 4.94 -2.83 3.40 3.00 2.7 22 -20.6 -32.3 9.5 18.2 11.0 2.4 
Angers t2 157 29.81 25.20 95 205 34.6 6.9 1.59 0.18 3.68 -2.86 2.14 3.60 2.4 24 -23.9 -38.7 10.5 16.5 12.5 2.2 
Angers t3 140 23.70 13.59 103 199 30.8 11.6 1.46 0.28 4.00 -2.75 3.93 2.25 2.7 18 -21.3 -30.0 11.1 16.8 9.5 2.0 
Angers t4 152 24.04 11.64 92 188 14.5 11.4 1.96 0.10 4.35 -2.42 2.51 3.55 2.2 20 -19.4 -33.3 10.6 18.2 10.1 2.2 
Angers t5 123 18.48 7.07 101 175 28.0 9.6 1.42 0.34 4.60 -2.21 4.87 3.19 1.5 20 -20.6 -32.6 9.1 21.0 10.2 2.1 
Angers t6 158 26.08 14.82 113 235 27.3 7.1 1.63 0.27 5.22 -3.94 3.43 3.88 1.5 22 -23.0 -32.7 10.3 19.6 9.9 2.2 
Angers t7 147 22.36 14.26 97 211 24.9 11.7 1.55 0.24 5.98 -3.14 4.58 2.89 2.9 23 -19.5 -35.6 9.2 19.9 10.8 2.1 
Angers t8 142 19.19 15.36 95 170 10.6 8.3 2.86 0.02 3.63 -2.27 2.13 2.11 2.0 22 -20.9 -29.2 9.1 21.5 10.9 1.8 
Angers t9 143 15.27 9.89 114 193 19.5 22.4 1.51 0.21 5.20 -2.54 4.03 2.52 1.1 24 -22.2 -37.0 11.2 18.4 11.1 2.2 
Angers t10 131 18.17 8.20 94 213 26.4 9.9 1.64 0.12 3.64 -3.76 3.13 3.35 2.5 23 -19.4 -30.1 9.0 21.8 10.5 2.5 
Arsac-en-Velay t1 158 23.77 19.75 92 179 26.2 5.6 1.53 0.14 2.71 -2.20 2.39 2.60 0.8 16 -22.8 -30.2 11.7 12.9 11.9 2.4 
Arsac-en-Velay t2 168 28.17 15.07 113 234 28.2 3.3 1.11 0.19 3.66 -2.96 2.42 3.19 1.8 19 -18.5 -29.2 10.9 12.6 13.1 2.2 
Arsac-en-Velay t3 141 15.12 11.78 119 181 18.5 2.1 1.71 0.33 2.19 -1.31 2.36 1.41 1.4 12 -19.7 -31.4 11.1 11.5 13.9 2.2 
Arsac-en-Velay t4 126 9.48 6.10 81 137 7.5 17.6 1.79 0.64 2.38 -2.53 0.71 3.38 3.6 16 -14.4 -25.1 9.7 15.6 12.9 4.1 
Arsac-en-Velay t5 157 13.70 9.63 134 183 13.4 8.3 1.85 0.30 3.31 -1.49 2.72 1.28 0.6 16 -23.7 -32.1 10.4 12.1 13.3 3.1 
Arsac-en-Velay t6 145 25.55 9.48 113 223 27.9 5.7 1.51 0.21 4.70 -2.86 4.33 2.31 2.8 16 -18.2 -30.6 10.9 14.7 11.3 2.3 
Arsac-en-Velay t7 147 13.32 6.36 116 174 16.0 8.5 1.88 0.17 2.25 -1.78 1.60 2.08 1.3 16 -19.7 -30.7 10.2 14.6 11.5 2.1 
Arsac-en-Velay t8 146 18.44 4.71 129 204 26.1 5.8 1.76 0.31 4.39 -2.66 4.51 1.60 2.1 18 -18.5 -29.1 10.9 14.8 17.4 2.8 
Arsac-en-Velay t9 153 23.65 12.50 123 234 30.1 7.8 1.52 0.14 4.42 -3.05 3.32 3.44 1.7 17 -17.0 -27.4 9.1 13.8 14.8 3.3 
Arsac-en-Velay t10 142 38.63 22.41 113 243 46.1 3.5 1.28 0.26 3.25 -2.47 3.56 2.31 2.0 15 -21.9 -34.1 10.9 12.3 12.9 2.8 
Arvillard t1 200 34.46 23.80 123 275 36.6 6.1 1.31 0.29 6.02 -5.19 5.60 5.03 3.0 22 -21.9 -34.2 11.2 17.2 12.5 2.3 
Arvillard t2 197 30.09 22.31 123 246 15.0 11.1 1.74 0.23 8.56 -5.39 5.48 5.33 2.0 21 -25.5 -35.8 12.9 17.7 11.9 2.2 
Arvillard t3 176 33.88 28.18 118 250 30.2 9.6 1.28 0.36 8.56 -4.89 5.19 4.00 1.9 19 -25.2 -40.7 12.6 17.8 11.7 2.0 
Arvillard t4 192 30.12 14.97 105 237 21.0 7.2 1.97 0.09 4.86 -3.38 3.95 5.07 3.9 25 -19.8 -38.8 10.6 17.4 11.9 2.6 
Arvillard t5 165 36.59 30.44 128 259 43.3 13.6 1.63 0.26 8.72 -5.66 6.37 4.53 3.0 19 -21.8 -32.6 8.8 16.6 13.6 2.9 
Arvillard t6 204 31.56 17.07 130 274 28.1 7.5 1.38 0.24 6.48 -5.03 4.62 5.41 3.7 22 -24.5 -36.2 12.7 15.9 11.0 1.9 
Arvillard t7 187 29.51 23.46 105 227 10.8 11.7 1.40 0.45 6.72 -4.55 5.21 4.65 2.9 23 -23.7 -31.3 11.4 18.1 12.2 2.1 
Arvillard t8 159 29.05 19.73 126 241 36.6 8.6 1.89 0.42 7.00 -3.41 6.29 3.74 3.3 16 -18.6 -32.7 6.7 17.7 15.4 3.1 
Arvillard t9 214 23.28 19.07 169 255 18.2 13.3 1.54 0.21 5.91 -4.26 3.99 3.47 4.1 19 -22.3 -42.0 12.7 17.4 10.7 2.0 
Arvillard t10 177 26.34 21.39 115 218 28.7 15.8 1.21 0.49 5.51 -4.77 3.70 3.66 2.8 20 -24.4 -35.2 11.4 16.5 12.9 2.3 
Aubigny t1 168 27.23 15.69 108 235 27.6 7.1 1.83 0.34 4.16 -3.66 4.48 4.25 3.2 25 -11.3 -20.1 4.9 15.6 15.5 3.5 
Aubigny t2 147 14.59 8.27 129 200 22.2 7.7 1.77 0.12 4.49 -2.00 3.62 2.33 3.0 22 -13.0 -26.7 5.4 13.5 15.4 2.8 
Aubigny t3 159 19.18 13.13 132 207 17.7 12.4 1.91 0.18 6.27 -4.73 4.34 4.23 2.3 14 -17.7 -25.6 6.5 12.8 16.0 3.2 
Aubigny t4 195 11.25 7.59 176 216 10.5 10.2 3.64 0.18 2.94 -1.12 2.56 1.86 4.3 28 -15.8 -28.0 7.9 14.0 15.0 2.5 
Aubigny t5 140 15.95 12.69 120 182 18.5 24.6 2.15 0.10 4.70 -2.76 3.45 3.19 2.8 23 -13.1 -25.2 8.1 17.0 14.5 2.9 
Aubigny t6 196 24.78 12.37 123 215 28.9 9.5 1.50 0.10 3.61 -3.20 1.97 3.51 3.8 25 -11.9 -18.6 5.5 15.1 13.4 2.5 
Aubigny t7 138 11.55 6.47 112 182 8.4 5.8 2.80 0.15 1.52 -2.11 0.79 2.85 4.1 26 -11.5 -27.2 6.7 17.1 13.0 2.7 
Aubigny t8 130 38.26 11.09 88 227 46.6 4.2 1.27 0.28 4.53 -3.04 3.32 2.44 2.7 20 -11.2 -16.3 5.9 13.2 13.7 2.5 
Aubigny t9 191 28.16 22.59 112 218 5.0 10.3 1.67 0.05 6.37 -4.30 3.40 4.23 3.2 21 -15.0 -25.8 8.8 12.2 11.3 2.1 
Aubigny t10 140 18.01 12.15 119 181 21.8 7.5 0.93 0.26 2.12 -2.70 1.30 2.32 2.1 18 -17.1 -21.8 8.6 13.1 15.2 2.6 
Banvillars t1 155 30.86 22.38 92 220 32.7 9.4 1.07 0.40 4.49 -4.53 3.36 4.77 1.8 23 -15.4 -33.7 7.2 21.5 12.7 2.8 
Banvillars t2 154 27.32 20.79 96 196 31.0 9.2 1.07 0.49 3.03 -3.49 2.86 3.78 3.0 24 -15.5 -30.7 8.6 22.2 9.4 2.3 
Banvillars t3 147 32.76 25.23 93 234 28.0 15.7 1.24 0.27 6.74 -4.85 5.61 4.60 3.0 24 -16.0 -33.1 6.1 20.8 13.3 2.9 
Banvillars t4 167 21.37 14.54 145 223 26.9 23.1 2.19 0.34 7.87 -1.52 4.82 2.64 2.5 25 -17.1 -33.4 7.3 22.1 12.4 2.8 
Banvillars t5 146 33.40 24.18 101 229 40.9 12.5 1.33 0.44 7.35 -4.68 6.51 5.24 1.9 22 -15.2 -30.4 5.5 21.7 13.7 3.3 
Banvillars t6 158 35.45 31.96 100 231 37.0 11.7 1.31 0.29 6.73 -3.38 4.64 3.93 2.0 23 -16.3 -30.0 6.7 22.3 12.7 2.7 
Banvillars t7 137 47.18 23.74 91 270 60.0 9.5 0.89 0.42 6.64 -3.86 6.24 3.84 1.8 25 -13.8 -33.3 7.7 17.3 11.5 2.7 
Banvillars t8 135 19.83 14.18 96 178 19.0 13.8 1.68 0.25 4.79 -3.33 2.90 5.02 3.9 25 -15.8 -31.8 6.6 23.5 13.2 2.7 
Banvillars t9 134 35.65 25.19 106 238 44.8 18.0 1.20 0.46 9.43 -3.58 6.15 3.82 2.0 24 -18.1 -36.1 7.6 21.4 13.6 2.6 
Banvillars t10 130 22.16 12.46 94 204 30.3 8.6 1.25 0.35 3.37 -2.87 3.33 3.23 2.0 23 -18.1 -37.9 8.7 21.5 11.7 2.5 
Belis t1 160 37.66 32.24 117 250 41.7 19.0 1.03 0.38 9.64 -3.47 6.84 3.85 4.5 23 -13.8 -34.3 6.0 23.5 15.3 3.0 
Belis t2 162 29.24 18.42 103 225 22.9 24.9 1.00 NA 5.04 -3.78 5.29 4.45 4.3 23 -13.7 -36.3 6.1 21.4 17.5 3.1 
Belis t3 143 27.90 18.31 109 236 37.4 10.0 1.10 0.37 4.64 -3.19 5.23 3.31 5.7 19 -13.7 -37.2 5.6 21.9 13.9 2.1 
Belis t4 145 20.77 14.36 112 202 37.5 39.1 2.13 0.28 3.99 -2.95 1.73 4.70 4.7 20 -12.2 -35.2 4.0 22.8 18.0 2.7 
Belis t5 128 23.41 18.19 109 189 27.3 20.9 1.36 0.47 6.28 -2.80 4.53 2.86 3.8 17 -14.2 -33.0 3.7 18.8 17.4 3.8 
Belis t6 161 21.73 17.58 102 191 25.2 9.0 1.31 0.35 5.14 -2.78 3.37 2.69 5.3 20 -13.9 -35.4 7.2 23.3 15.3 2.0 
Belis t7 137 16.33 10.21 110 185 17.9 26.2 1.67 0.17 4.13 -2.53 3.06 3.27 5.8 21 -12.8 -33.4 5.1 22.2 15.3 2.6 
Belis t8 126 14.21 10.92 103 154 15.4 19.7 1.45 0.35 3.45 -1.63 2.24 2.24 4.6 20 -14.8 -32.5 5.3 21.6 16.6 2.4 
Belis t9 124 14.22 6.80 94 173 18.2 10.8 1.47 0.27 2.22 -2.16 1.74 2.37 6.1 21 -14.5 -33.9 5.4 21.8 14.9 2.3 
Belis t10 121 14.06 8.79 105 162 18.3 26.2 1.21 0.31 2.90 -2.42 2.43 2.21 4.9 17 -14.1 -34.3 5.5 21.9 15.0 2.3 
Caraman t1 147 16.51 9.16 98 194 21.4 9.7 1.82 0.19 4.66 -2.56 2.98 2.38 2.2 19 -24.8 -36.3 7.9 14.7 14.0 2.9 
Caraman t2 153 12.22 9.60 123 175 13.5 12.5 1.60 0.17 4.11 -1.42 4.19 1.60 1.8 24 -26.8 -35.5 8.1 15.6 14.1 2.9 
Caraman t3 157 19.10 15.14 126 197 22.1 24.0 1.39 0.36 5.46 -3.62 3.45 2.48 3.0 19 -26.3 -38.3 8.9 16.2 12.6 2.5 
Caraman t4 160 15.23 9.33 121 171 1.5 5.3 2.76 NA 3.08 -1.86 1.28 2.34 3.2 24 -26.1 -35.3 9.1 15.1 14.0 2.6 
Caraman t5 168 10.80 6.69 145 186 6.9 18.9 1.94 0.11 3.73 -3.10 3.05 2.23 2.8 17 -25.9 -34.0 8.2 13.3 14.1 3.4 
Caraman t6 168 18.15 11.58 133 227 20.8 15.3 1.24 0.20 6.02 -3.25 3.69 2.73 2.8 18 -25.1 -36.0 9.5 15.5 12.5 2.7 
Caraman t7 171 15.45 9.89 124 197 9.1 8.3 1.80 0.08 3.89 -2.54 2.89 2.93 2.7 23 -27.3 -38.3 8.5 14.0 12.7 2.9 
Caraman t8 162 21.36 9.85 128 240 43.7 3.8 1.82 0.21 7.01 -2.92 8.50 2.60 2.0 10 -25.8 -36.1 8.2 13.0 13.9 2.7 
Caraman t9 159 16.07 11.25 115 182 7.1 11.5 1.47 0.30 3.62 -2.74 2.98 2.98 2.0 23 -26.8 -35.6 7.2 14.5 15.4 3.0 
Caraman t10 156 19.29 10.51 118 213 21.6 7.9 1.39 0.10 3.86 -3.42 2.41 2.64 2.8 14 -26.4 -35.5 9.4 14.1 12.5 2.9 
Gap t1 134 18.36 10.54 102 188 20.6 10.8 1.35 0.19 2.53 -2.16 1.49 2.36 0.3 19 -29.7 -32.5 10.8 9.6 12.6 2.7 
Gap t2 134 13.87 6.88 98 170 17.4 13.3 1.15 0.39 2.02 -1.32 0.98 2.22 0.3 21 -31.7 -36.8 11.0 10.6 14.4 2.3 
Gap t3 143 18.65 7.35 119 221 38.0 16.5 1.34 0.49 4.26 -2.56 4.12 4.49 0.4 17 -29.4 -42.5 10.8 13.0 14.3 2.6 
Gap t4 137 8.73 5.98 115 150 2.8 9.1 2.62 NA 1.78 -0.68 1.36 1.07 0.6 21 -30.5 -32.9 10.3 13.2 16.5 2.6 
Gap t5 142 15.26 3.68 114 219 36.4 18.6 1.80 0.21 4.12 -2.89 5.45 3.83 0.5 17 -28.8 -34.2 10.1 10.4 13.2 2.7 
Gap t6 136 13.51 7.63 119 195 23.4 17.7 1.57 0.35 2.49 -1.83 2.44 2.98 0.3 18 -29.5 -39.7 12.2 13.4 12.8 2.2 
Gap t7 139 22.70 8.90 102 219 42.6 9.6 1.30 0.47 3.96 -1.86 4.42 3.27 0.3 21 -32.8 -42.0 11.4 12.7 13.9 2.9 
Gap t8 142 4.15 4.01 137 150 NA 11.9 NA NA 1.58 -0.49 0.84 0.56 0.5 21 -34.7 -35.0 14.5 9.9 13.5 2.2 
Gap t9 131 9.05 6.11 103 145 4.7 12.4 1.09 0.21 1.41 -1.30 1.13 1.30 0.2 19 -31.9 -34.4 11.0 11.3 15.8 2.9 
Gap t10 135 11.61 6.88 99 149 8.9 9.3 1.74 0.41 1.41 -1.73 1.57 1.31 0.2 14 -32.0 -35.9 12.3 10.1 13.3 2.5 
Haraucourt t1 141 22.87 13.48 87 190 23.1 8.3 0.96 0.38 4.68 -1.71 3.77 1.91 2.6 23 -9.1 -30.1 5.3 21.8 15.3 3.2 
Haraucourt t2 122 16.92 8.26 78 159 15.0 5.2 1.57 0.12 1.68 -1.52 1.84 2.00 2.1 23 -14.4 -34.0 7.8 25.5 12.9 2.5 
Haraucourt t3 125 17.52 10.95 95 171 18.5 8.4 1.28 0.31 2.87 -2.57 1.63 2.46 1.9 17 -13.2 -33.5 7.3 23.8 13.2 2.5 
Haraucourt t4 139 22.46 14.63 85 172 6.2 8.6 1.26 NA 4.84 -2.14 3.14 2.84 2.3 22 -15.7 -33.9 5.6 18.8 18.3 4.1 
Haraucourt t5 149 23.43 10.33 97 212 23.9 7.7 1.14 0.10 4.03 -2.24 4.59 3.00 2.0 22 -14.3 -34.2 6.9 22.9 16.3 3.1 
Haraucourt t6 141 21.96 15.02 104 190 19.2 8.3 1.06 0.38 3.80 -3.09 2.59 3.92 1.2 21 -14.9 -35.6 8.8 24.7 13.1 3.0 
Haraucourt t7 122 15.64 10.96 85 152 11.4 7.3 1.62 0.18 3.66 -2.04 2.09 1.82 2.5 22 -11.9 -35.0 5.6 24.0 14.7 2.5 
Haraucourt t8 140 22.61 17.12 84 162 5.4 7.9 1.16 0.36 3.62 -1.58 2.07 1.48 2.0 23 -12.1 -32.1 5.4 22.6 17.1 3.3 
Haraucourt t9 130 18.27 12.41 82 161 12.2 9.9 1.50 0.17 3.19 -2.44 2.57 2.37 1.6 21 -14.2 -37.7 7.8 25.6 15.2 2.4 
Haraucourt t10 122 17.38 7.79 82 164 16.9 5.9 1.33 0.31 1.53 -1.81 1.62 1.68 2.2 18 -12.0 -33.7 6.0 22.5 15.0 3.3 
Labaroche t1 124 21.42 11.91 80 190 24.0 19.7 1.30 0.32 5.11 -3.13 3.94 1.94 1.7 13 -15.6 -19.1 6.2 11.8 12.7 3.3 
Labaroche t2 116 17.45 8.01 79 171 18.9 10.9 1.80 0.25 4.36 -2.14 3.46 2.66 1.4 13 -18.4 -24.7 8.3 10.6 13.7 3.0 
Labaroche t3 121 21.18 11.47 102 209 35.9 11.7 1.81 0.22 4.58 -3.21 4.93 3.36 1.3 11 -19.6 -20.0 7.3 10.3 13.3 3.0 
Labaroche t4 120 26.31 12.73 71 166 24.7 11.7 2.35 0.09 4.07 -2.32 3.04 3.27 1.6 12 -15.9 -21.8 6.3 11.2 12.2 3.1 
Labaroche t5 126 14.90 11.82 106 163 18.2 33.3 1.66 0.16 4.50 -3.26 3.14 2.47 2.5 12 -16.2 -17.1 4.9 10.8 16.0 3.3 
Labaroche t6 135 27.74 15.78 107 238 52.6 15.0 1.55 0.25 6.80 -4.67 5.25 4.68 1.5 12 -18.1 -23.3 7.1 10.4 14.3 3.0 
Labaroche t7 128 23.82 9.22 85 214 36.3 16.4 1.72 0.31 6.65 -3.27 4.63 4.10 1.8 14 -16.9 -24.0 6.6 10.7 15.1 3.7 
Labaroche t8 132 14.90 11.05 102 162 16.3 27.0 1.69 0.16 4.08 -2.16 2.35 2.22 2.3 13 -14.7 -19.1 5.6 12.9 13.7 3.0 
Labaroche t9 131 21.60 11.71 83 226 45.3 14.6 1.57 0.15 5.82 -3.42 4.22 4.85 1.0 13 -18.6 -24.0 7.6 12.3 14.7 3.4 
Labaroche t10 115 17.45 11.91 83 146 23.2 19.9 1.45 0.38 4.37 -2.70 2.84 2.18 1.8 9 -16.0 -19.9 5.1 11.7 14.5 3.4 
Lignieres t1 189 44.35 36.78 103 245 26.0 10.1 1.31 0.18 6.16 -4.55 5.40 4.88 4.4 25 -20.9 -30.8 12.0 16.7 10.1 2.5 
Lignieres t2 141 28.03 18.18 73 199 41.0 8.7 1.64 0.46 4.09 -2.32 3.28 2.56 1.9 24 -25.8 -36.6 14.0 17.1 9.3 2.7 
Lignieres t3 176 27.72 21.82 105 230 32.9 6.6 1.28 0.65 6.53 -3.99 4.45 4.36 4.0 24 -15.9 -29.8 10.7 21.1 10.5 1.8 
Lignieres t4 165 42.28 32.38 74 194 82.8 11.2 1.20 NA 5.59 -2.33 3.45 4.93 2.6 23 -20.8 -26.4 9.7 15.8 14.9 4.4 
Lignieres t5 216 21.35 13.35 171 258 19.6 15.3 1.52 0.15 5.97 -1.99 5.61 2.51 6.0 27 -19.9 -27.2 10.0 14.7 10.9 2.4 
Lignieres t6 234 33.98 27.59 159 266 42.8 4.9 1.33 0.23 6.47 -3.00 5.75 4.74 6.2 27 -16.1 -29.8 10.5 15.8 11.9 2.1 
Lignieres t7 163 32.58 25.41 96 234 48.5 10.9 1.38 0.09 4.43 -1.26 2.57 2.89 1.9 25 -24.3 -38.3 14.3 19.8 8.0 2.1 
Lignieres t8 171 20.94 12.78 116 197 14.4 4.0 1.90 NA 4.80 -4.18 1.83 2.79 6.1 19 -15.1 -27.6 10.6 24.2 10.2 1.5 
Lignieres t9 166 24.02 17.25 119 221 30.5 4.7 1.30 0.56 5.35 -2.50 5.08 2.63 4.8 26 -19.1 -30.3 11.6 20.6 10.9 2.4 
Lignieres t10 138 39.39 26.98 98 237 42.1 12.0 0.60 NA 4.48 -3.22 5.25 3.28 2.5 24 -20.3 -34.4 9.3 19.5 13.4 2.8 
Montgaillard t1 163 17.01 8.66 116 183 10.5 5.3 1.62 0.37 2.76 -2.73 1.83 2.31 1.5 16 -25.0 -41.5 10.1 18.0 13.5 2.9 
Montgaillard t2 153 13.82 7.37 114 172 6.6 7.7 2.41 0.23 2.05 -1.47 1.53 1.54 1.7 17 -25.9 -40.2 10.4 15.8 12.5 3.2 
Montgaillard t3 158 9.90 7.16 139 177 6.9 11.0 2.33 0.18 2.66 -2.16 1.82 1.31 1.8 9 -25.8 -44.7 11.5 17.7 12.7 2.4 
Montgaillard t4 145 11.55 3.22 110 163 9.9 8.6 3.69 0.04 1.23 -1.56 0.48 2.50 1.8 16 -25.0 -38.7 7.7 15.9 15.0 3.7 
Montgaillard t5 148 15.30 9.15 121 175 17.7 5.7 2.17 0.28 2.04 -1.93 1.92 1.83 2.0 13 -26.3 -38.9 7.6 16.5 14.3 3.7 
Montgaillard t6 150 9.51 6.81 124 165 6.0 7.1 2.11 0.37 2.38 -1.27 2.09 1.02 1.8 13 -23.8 -41.5 11.3 17.3 10.3 2.3 
Montgaillard t7 146 17.55 7.49 107 184 23.4 5.5 2.22 0.05 2.27 -1.79 1.92 2.11 2.1 15 -26.3 -41.0 10.1 16.0 12.7 3.2 
Montgaillard t8 155 8.25 6.09 136 166 3.0 13.9 2.54 0.22 3.18 -2.19 2.16 2.02 1.1 14 -23.5 -39.7 10.9 15.9 13.0 2.6 
Montgaillard t9 154 15.42 9.04 114 180 5.2 9.8 1.38 0.39 2.76 -2.75 2.32 2.13 1.3 17 -25.6 -41.4 10.9 18.3 12.1 3.2 
Montgaillard t10 148 10.41 5.99 114 164 7.0 5.6 1.90 0.22 1.53 -1.78 1.20 1.32 1.8 10 -24.4 -39.9 10.8 17.7 12.9 3.1 
Montsauche-les-Settons t1 143 28.60 19.87 91 206 25.3 7.5 1.43 0.13 5.55 -3.99 4.11 4.01 1.5 19 -26.1 -30.9 10.4 13.3 10.6 2.7 
Montsauche-les-Settons t2 143 15.87 7.75 96 164 9.8 11.5 2.74 0.14 4.39 -2.24 2.80 2.39 1.9 19 -23.0 -31.2 8.2 13.3 13.1 3.1 
Montsauche-les-Settons t3 136 25.43 18.98 107 196 18.2 11.6 1.32 0.40 6.48 -3.62 4.34 3.55 1.7 14 -23.6 -28.2 10.0 12.1 12.3 3.3 
Montsauche-les-Settons t4 143 18.92 7.65 85 187 31.0 10.6 4.21 NA 4.71 -2.64 3.84 3.55 3.9 20 -22.4 -32.4 8.3 14.4 17.3 3.2 
Montsauche-les-Settons t5 146 12.75 11.17 118 163 5.6 26.5 2.20 0.19 5.84 -3.02 3.88 2.65 1.3 17 -24.1 -27.1 7.9 13.7 14.3 3.4 
Montsauche-les-Settons t6 155 27.74 19.14 114 221 37.0 7.4 1.13 0.10 5.11 -3.39 3.06 3.67 1.0 19 -20.0 -34.4 9.6 14.8 12.9 3.0 
Montsauche-les-Settons t7 133 19.57 12.67 94 186 19.4 10.0 2.10 0.14 3.68 -2.92 2.39 3.11 1.4 20 -23.6 -28.2 10.6 11.0 10.7 3.1 
Montsauche-les-Settons t8 156 26.77 21.73 108 203 21.8 28.2 2.09 0.28 8.12 -4.58 4.09 5.42 1.7 18 -26.6 -29.4 9.6 12.1 14.0 3.5 
Montsauche-les-Settons t9 156 22.28 16.63 101 192 14.8 15.5 1.56 0.37 5.76 -4.27 4.83 3.22 0.6 20 -28.9 -32.4 11.0 12.5 11.3 2.9 
Montsauche-les-Settons t10 130 17.47 10.49 101 166 15.6 14.7 1.74 0.30 3.33 -3.86 2.27 3.56 1.6 14 -24.6 -27.9 9.3 9.3 13.6 3.0 
Naves t1 152 26.94 15.97 109 217 27.5 7.0 1.61 0.33 5.52 -2.92 3.44 2.92 0.9 18 -19.5 -34.4 9.5 15.5 12.4 2.6 
Naves t2 172 29.82 20.21 109 223 39.6 10.3 1.47 0.43 5.30 -3.81 2.91 4.39 1.3 18 -19.1 -35.2 9.5 12.5 14.4 2.3 
Naves t3 164 26.19 24.56 119 207 25.9 13.1 1.06 0.36 3.68 -4.74 3.04 4.41 0.9 16 -21.0 -37.1 8.7 14.6 15.7 2.6 
Naves t4 192 33.79 33.49 123 233 58.7 7.7 3.72 NA 9.45 -2.62 4.99 5.01 1.6 18 -20.9 -30.9 9.1 9.6 15.4 2.8 
Naves t5 186 32.86 25.65 117 243 46.0 23.8 1.86 0.24 11.66 -6.31 6.36 6.67 0.5 17 -23.4 -33.3 7.8 11.8 15.8 4.1 
Naves t6 203 39.83 27.71 110 279 36.2 12.2 1.40 0.47 8.31 -4.82 7.80 4.80 0.6 18 -21.9 -37.4 10.4 10.8 10.8 2.3 
Naves t7 194 27.98 22.23 149 250 25.7 14.3 1.62 0.24 6.12 -3.74 3.57 4.09 1.3 19 -19.1 -34.4 9.2 10.8 13.1 2.6 
Naves t8 110 30.28 18.66 76 179 59.3 6.2 3.08 NA 11.48 -3.54 6.57 3.82 1.1 15 -20.1 -34.5 4.6 15.4 18.3 3.5 
Naves t9 161 30.90 25.52 105 224 40.0 24.0 1.76 0.18 11.01 -6.53 6.46 5.71 0.7 18 -20.0 -37.0 7.0 11.0 16.4 3.6 
Naves t10 134 42.93 32.36 76 233 45.9 24.8 1.20 0.47 9.13 -7.83 6.18 6.01 0.7 14 -21.8 -33.8 5.1 13.8 18.5 4.4 
Neufchatel-en-Saosnois t1 132 33.66 25.03 99 214 37.9 11.6 1.42 0.26 6.34 -3.19 5.47 3.62 1.1 24 -21.8 -28.8 9.9 15.2 12.6 3.3 
Neufchatel-en-Saosnois t2 135 27.09 22.11 80 185 30.0 12.2 1.93 0.22 6.75 -3.08 6.25 3.91 0.9 23 -21.2 -35.0 8.4 14.8 14.4 3.9 
Neufchatel-en-Saosnois t3 133 37.88 33.03 89 227 39.1 7.6 1.38 0.30 4.35 -4.83 2.85 3.39 1.2 13 -21.2 -25.9 11.0 15.3 10.9 3.0 
Neufchatel-en-Saosnois t4 113 16.79 10.58 85 190 37.8 2.0 1.77 0.40 5.56 -0.99 4.89 1.41 1.3 26 -20.1 -25.5 17.3 17.4 9.9 2.6 
Neufchatel-en-Saosnois t5 165 32.25 22.96 89 212 24.3 12.5 1.59 0.61 6.95 -3.26 5.54 2.74 1.9 22 -18.7 -29.3 7.2 11.7 13.0 3.7 
Neufchatel-en-Saosnois t6 163 30.41 12.52 78 204 40.1 5.7 2.04 0.22 3.50 -2.31 2.63 2.54 1.2 24 -17.5 -28.5 7.6 14.3 13.0 3.7 
Neufchatel-en-Saosnois t7 117 11.25 9.15 88 129 10.5 12.4 1.72 0.48 2.28 -1.04 1.94 1.22 1.2 25 -18.6 -37.5 10.8 22.7 10.2 2.7 
Neufchatel-en-Saosnois t8 165 24.66 20.20 107 217 15.2 21.2 1.46 0.38 7.09 -5.19 4.88 5.94 2.1 23 -17.9 -28.2 7.0 16.7 14.0 3.3 
Neufchatel-en-Saosnois t9 137 35.84 22.10 83 228 45.6 17.0 1.37 0.19 8.81 -3.33 6.02 5.32 1.5 25 -18.0 -25.4 6.9 15.3 15.2 3.5 
Neufchatel-en-Saosnois t10 135 24.10 18.08 86 178 29.3 10.9 1.29 0.36 3.65 -3.22 3.16 2.81 2.1 21 -18.8 -35.9 11.1 18.5 10.3 2.4 
Nice t1 181 16.24 9.05 120 198 8.7 7.1 1.57 0.15 5.75 -2.19 5.48 1.85 3.5 14 -20.1 -35.9 9.6 14.2 11.9 3.0 
Nice t2 150 21.67 15.19 97 190 19.3 3.2 1.69 0.47 2.92 -2.08 2.78 2.45 2.7 15 -19.1 -30.6 8.8 17.2 13.1 2.7 
Nice t3 174 31.37 27.58 122 221 32.9 5.6 2.20 0.09 4.44 -3.82 4.44 2.25 3.2 8 -19.0 -40.6 8.2 18.6 14.0 3.0 
Nice t4 153 11.88 10.44 134 171 9.6 16.9 2.91 NA 5.29 -1.12 2.82 1.88 3.4 16 -17.8 -34.1 6.1 19.3 15.5 4.1 
Nice t5 157 17.21 14.18 116 183 10.0 10.7 1.62 0.27 5.48 -2.54 3.59 3.07 2.6 15 -19.1 -33.8 8.3 15.7 13.8 2.9 
Nice t6 161 14.34 10.66 131 183 6.5 13.7 1.71 0.22 5.11 -2.36 3.29 2.66 2.9 16 -19.7 -41.6 9.4 19.6 12.8 2.7 
Nice t7 170 21.39 11.91 101 190 6.4 4.9 1.83 0.40 3.44 -1.67 2.91 2.22 3.1 16 -16.9 -34.9 8.3 17.1 12.1 2.7 
Nice t8 159 14.55 7.31 116 172 3.0 19.4 2.52 0.13 5.19 -3.24 3.57 3.74 2.3 13 -20.3 -32.9 8.1 17.0 12.3 2.6 
Nice t9 158 17.76 8.08 97 194 14.9 10.2 2.01 0.20 4.43 -2.28 3.27 2.04 2.1 16 -20.1 -35.0 7.6 19.2 14.6 3.0 
Nice t10 148 31.74 11.76 96 239 36.0 4.9 2.01 0.09 4.51 -4.89 4.08 2.63 2.8 12 -22.6 -34.4 8.4 14.2 13.7 3.0 
Pancheraccia t1 163 35.56 19.14 81 235 28.9 6.4 1.50 0.33 6.57 -4.62 3.85 4.20 3.4 16 -18.8 -35.2 7.2 16.1 18.0 2.8 
Pancheraccia t2 133 21.05 10.71 68 179 20.6 9.9 1.70 0.34 4.20 -2.78 3.56 2.60 5.4 16 -16.6 -40.2 7.0 18.3 16.8 2.5 
Pancheraccia t3 127 26.80 17.54 93 219 35.4 18.9 1.08 0.19 5.10 -3.77 3.36 3.93 5.3 14 -18.7 -39.3 6.6 18.3 17.9 2.7 
Pancheraccia t4 139 25.18 19.52 79 176 25.0 8.2 3.14 NA 1.97 -2.20 1.10 2.87 6.9 22 -16.6 -40.7 6.4 19.0 17.9 2.2 
Pancheraccia t5 141 20.98 7.11 102 193 23.1 13.5 1.76 0.71 2.96 -4.53 2.10 4.92 6.3 14 -19.0 -38.3 4.8 16.3 17.2 3.5 
Pancheraccia t6 168 29.00 20.95 136 244 39.4 4.3 1.36 0.11 4.24 -3.39 3.84 1.97 5.4 13 -16.3 -38.3 7.4 18.9 16.2 2.3 
Pancheraccia t7 149 27.84 22.35 124 212 27.9 15.0 1.54 0.25 2.54 -2.62 2.08 3.68 6.7 20 -15.4 -41.2 8.1 19.0 14.6 2.0 
Pancheraccia t8 137 21.79 7.41 86 175 30.3 14.8 1.89 0.13 3.80 -1.93 2.42 1.12 2.8 15 -17.3 -34.8 6.2 16.2 18.2 2.6 
Pancheraccia t9 125 40.14 28.65 64 212 43.1 10.4 1.31 0.37 6.43 -4.41 4.92 4.56 7.6 19 -17.2 -39.3 4.5 18.5 18.8 3.0 
Pancheraccia t10 111 31.50 29.06 83 190 30.8 20.2 1.19 0.35 5.31 -5.23 4.31 5.05 3.6 16 -15.3 -39.2 5.8 19.4 16.4 2.8 
Paris t1 127 15.39 9.23 90 160 15.5 9.1 1.84 0.09 3.07 -2.43 2.81 2.56 1.9 17 -15.9 -23.6 5.2 16.2 14.0 3.1 
Paris t2 102 13.68 6.31 86 140 15.7 11.7 1.67 0.36 2.51 -2.73 2.31 2.31 1.0 14 -18.0 -23.9 8.8 13.9 16.1 3.7 
Paris t3 130 23.61 18.31 86 182 22.5 6.1 1.37 0.25 5.08 -3.82 4.10 3.28 1.7 12 -17.3 -26.7 8.7 18.6 12.5 2.6 
Paris t4 144 11.38 5.23 128 177 20.5 15.3 2.93 0.07 2.67 -1.81 2.40 3.33 2.8 18 -16.5 -32.6 6.6 18.9 14.3 3.5 
Paris t5 111 58.82 12.10 88 284 73.0 7.8 1.57 0.20 5.82 -3.01 7.33 3.11 2.9 12 -17.0 -17.9 8.5 11.0 12.9 3.9 
Paris t6 112 18.47 15.28 90 153 21.7 11.1 1.40 0.21 3.87 -3.08 2.70 2.82 1.3 13 -20.1 -27.5 10.8 15.2 11.9 3.0 
Paris t7 104 9.90 8.50 83 117 9.7 21.2 2.34 0.08 3.71 -1.45 2.15 1.93 1.6 17 -18.9 -28.4 7.2 15.4 13.5 3.2 
Paris t8 105 6.45 2.62 87 119 8.1 12.9 2.16 0.11 1.20 -1.19 0.84 1.58 3.8 14 -14.3 -23.1 5.8 17.8 11.2 2.2 
Paris t9 91 11.63 5.37 79 131 15.8 8.1 1.84 0.10 1.06 -1.45 0.95 1.98 0.9 16 -16.1 -28.0 11.5 17.6 13.2 3.4 
Paris t10 86 5.57 3.27 79 100 7.1 11.3 0.93 0.25 0.64 -0.74 0.45 0.98 1.7 10 -18.0 -23.0 7.6 11.9 14.1 3.1 
Plerneuf t1 133 19.55 11.80 88 174 18.7 9.2 1.46 0.11 3.68 -2.93 2.96 3.15 2.4 16 -21.9 -35.2 8.6 16.9 12.8 2.7 
Plerneuf t2 140 25.05 17.42 86 177 28.4 7.0 1.98 0.20 4.15 -3.55 3.01 3.38 1.7 17 -23.2 -34.2 9.7 15.4 11.7 2.8 
Plerneuf t3 100 14.65 5.17 88 162 24.5 5.6 1.47 0.29 3.45 -1.09 3.76 1.63 1.3 13 -20.8 -32.2 8.9 12.0 12.8 3.2 
Plerneuf t4 109 14.78 10.06 74 121 NA 24.5 NA NA 2.83 -0.88 1.57 1.76 3.3 19 -15.1 -26.4 4.3 20.8 17.7 5.3 
Plerneuf t5 132 17.05 4.87 119 214 34.7 3.9 2.16 0.14 5.50 -1.35 6.24 1.86 3.0 16 -21.7 -28.8 8.7 21.7 12.8 2.8 
Plerneuf t6 121 19.76 12.86 104 182 27.0 14.0 1.55 0.23 5.90 -2.35 4.17 2.11 2.1 17 -23.6 -35.2 9.3 15.7 12.9 2.7 
Plerneuf t7 143 18.23 16.68 106 168 7.9 34.5 1.86 0.45 4.25 -2.79 3.23 4.36 1.6 19 -25.5 -38.7 7.6 15.4 16.1 4.3 
Plerneuf t8 108 15.76 8.08 96 162 27.4 5.2 2.44 0.03 4.14 -0.89 4.16 1.17 1.7 19 -22.5 -21.5 7.0 13.6 11.9 3.5 
Plerneuf t9 123 17.72 10.42 86 157 23.3 13.0 2.13 0.15 4.55 -2.69 3.01 2.80 1.6 17 -24.6 -35.1 8.0 17.2 11.0 3.4 
Plerneuf t10 117 11.26 11.02 97 131 12.5 30.8 1.46 0.32 2.23 -2.25 1.85 2.05 1.7 17 -22.0 -35.5 7.3 15.1 14.8 3.5 
Reville t1 124 21.92 15.57 88 204 30.8 20.1 1.39 0.53 7.59 -4.66 4.91 3.42 0.4 10 -27.5 -43.6 7.6 17.0 15.7 4.2 
Reville t2 133 36.89 21.89 86 263 53.7 16.0 1.55 0.22 9.21 -6.94 7.11 6.02 0.2 9 -26.0 -39.2 7.4 14.6 16.2 5.5 
Reville t3 108 38.25 21.30 80 251 60.4 18.4 1.56 0.23 9.53 -7.49 7.81 6.61 0.3 10 -27.2 -39.4 8.2 16.0 17.9 4.6 
Reville t4 100 19.88 5.97 94 199 62.8 108.3 3.33 NA 12.18 -4.43 10.67 1.57 0.2 10 -32.0 -49.5 10.5 16.7 17.3 2.8 
Reville t5 123 33.25 19.89 86 222 43.9 19.6 1.39 0.40 9.23 -4.91 6.27 3.83 0.3 12 -29.4 -44.6 8.2 15.8 19.2 4.2 
Reville t6 135 26.07 14.30 99 221 39.7 20.2 2.07 0.23 7.45 -4.82 7.38 4.37 0.3 12 -30.6 -41.8 8.2 15.7 18.7 4.1 
Reville t7 106 29.68 17.10 88 215 51.8 17.8 1.32 0.25 7.13 -4.07 6.31 3.43 0.3 10 -29.7 -38.7 7.9 14.8 16.3 4.5 
Reville t8 114 31.61 16.99 88 247 65.2 1.7 1.23 0.06 6.74 -2.92 6.21 2.31 0.4 12 -30.5 -40.8 8.3 15.4 15.2 4.3 
Reville t9 123 27.31 21.27 90 195 42.6 25.8 1.36 0.17 7.15 -4.09 5.75 3.46 0.3 12 -33.4 -43.4 8.6 14.4 14.3 4.7 
Reville t10 135 32.10 24.19 83 213 45.6 14.1 1.87 0.09 7.68 -6.47 7.66 3.68 0.4 11 -31.5 -39.8 6.8 14.7 18.0 6.0 
Sanary-sur-Mer t1 119 17.12 11.10 81 156 12.1 16.6 1.51 0.26 4.31 -3.47 2.92 3.34 2.3 21 -15.6 -23.6 8.0 16.3 12.2 2.1 
Sanary-sur-Mer t2 111 20.30 13.69 76 171 15.5 7.6 1.60 0.28 3.76 -2.88 1.59 2.77 1.5 21 -16.6 -26.1 8.1 17.6 14.1 2.2 
Sanary-sur-Mer t3 101 16.19 13.53 78 136 12.9 16.9 1.40 0.48 3.31 -2.50 2.40 2.10 2.9 15 -13.6 -31.2 6.7 18.0 13.5 2.7 
Sanary-sur-Mer t4 125 17.48 13.64 89 152 21.4 11.9 1.80 0.04 5.21 -2.67 3.94 3.26 2.8 26 -14.4 -25.1 6.1 16.8 12.6 2.6 
Sanary-sur-Mer t5 94 26.24 24.82 83 160 40.1 4.5 2.81 NA 4.36 -2.29 3.39 3.11 1.7 23 -16.6 -26.9 7.8 16.5 12.6 2.9 
Sanary-sur-Mer t6 113 14.68 11.71 84 145 16.8 11.6 1.79 0.16 3.10 -3.34 2.57 3.16 2.9 23 -16.3 -29.9 6.7 17.0 11.5 2.1 
Sanary-sur-Mer t7 110 18.66 11.46 76 146 21.5 8.5 2.16 0.15 4.43 -2.39 3.18 2.43 2.6 24 -13.6 -27.2 8.4 17.1 10.3 2.3 
Sanary-sur-Mer t8 102 7.94 7.42 90 118 6.6 31.4 1.76 0.26 2.52 -1.18 1.90 1.36 1.5 24 -18.3 -23.8 6.3 16.6 14.4 3.2 
Sanary-sur-Mer t9 104 20.59 11.72 77 165 21.5 9.7 1.59 0.27 3.56 -3.36 3.06 3.71 1.0 22 -17.0 -24.9 6.3 14.9 15.9 3.2 
Sanary-sur-Mer t10 109 18.43 14.39 74 148 21.1 13.6 1.70 0.29 3.83 -3.19 2.61 2.35 1.1 16 -16.6 -24.4 6.5 15.6 13.3 3.3 
