form subj chunk f0med f0sd f0SAQ f0min f0max sdf0peak f0peakwidth f0peak_rate sdtf0peak df0posmean df0negmean df0sdpos df0sdneg emph cvint slLTASmed slLTAShigh  hnr SPI shimmer jitter 
NProf A c1 234 37.33 33.73 189 311 48.8 14.2 1.56 0.32 6.35 -4.69 3.25 5.79 3.9 18 -11.8 -20.3 12.3 15.8 6.7 1.5 
NProf A c2 241 26.09 20.11 164 259 NA 2.2 NA NA 7.03 -2.26 6.22 3.35 4.3 19 -16.6 -25.5 11.4 15.3 8.9 2.8 
NProf A c3 233 23.95 20.20 184 279 24.8 16.2 1.99 0.23 4.31 -3.51 3.45 2.77 4.8 19 -13.8 -23.4 12.4 6.7 8.4 1.8 
NProf A c4 219 27.70 15.60 197 294 40.8 9.5 1.86 0.49 3.08 -2.89 2.67 4.28 3.2 23 -15.8 -18.9 10.5 10.3 8.2 2.0 
NProf A c5 250 35.74 29.47 205 338 36.1 16.4 1.40 0.03 6.34 -7.22 5.21 6.98 3.0 22 -13.3 -18.5 11.3 13.2 8.4 2.6 
NProf A c6 233 23.23 15.55 199 291 28.4 12.4 1.68 0.06 7.16 -3.59 5.17 3.73 4.2 20 -12.4 -17.2 11.0 11.0 7.7 2.3 
NProf A c7 221 16.87 14.55 186 252 9.2 14.2 1.17 0.26 3.01 -3.09 1.32 3.34 3.2 23 -13.8 -19.2 12.8 13.9 7.4 2.3 
NProf A c8 222 33.27 17.16 194 339 47.1 11.9 1.80 0.13 6.16 -5.33 4.83 6.39 3.2 19 -14.0 -20.5 13.7 6.7 7.3 1.6 
NProf A c9 238 18.80 15.55 203 281 19.5 12.4 1.41 0.42 4.05 -2.92 2.44 3.22 4.5 22 -15.5 -20.5 12.6 2.7 6.5 1.7 
NProf A c10 232 36.69 17.62 188 345 50.9 12.1 1.44 0.16 4.46 -4.82 3.61 5.36 4.2 17 -14.4 -22.8 13.3 9.0 6.6 1.6 
NProf A c11 246 20.72 11.92 191 279 13.8 11.3 1.96 0.29 4.41 -3.86 3.51 3.45 3.3 20 -16.1 -19.0 12.8 7.4 8.0 2.0 
NProf A c12 213 41.63 12.00 191 388 69.7 5.0 1.68 0.23 4.44 -4.40 4.93 6.30 2.9 23 -12.9 -19.6 15.0 11.1 7.0 2.1 
NProf A c13 230 12.42 7.73 202 255 13.3 12.6 1.70 0.32 3.18 -2.86 3.14 2.97 3.2 19 -15.8 -18.4 12.6 5.6 8.5 2.0 
NProf A c14 221 30.40 14.28 182 337 45.7 9.1 1.63 0.17 4.02 -4.19 3.75 5.02 2.4 17 -13.8 -22.4 14.9 9.9 7.2 1.8 
NProf A c15 231 23.60 21.88 182 269 21.7 11.9 1.62 0.28 3.42 -3.31 2.86 3.71 2.5 17 -17.3 -23.2 13.5 5.9 6.9 1.9 
NProf A c16 224 21.15 10.40 189 268 24.1 15.7 1.71 NA 6.15 -3.55 3.90 2.29 3.7 17 -15.9 -23.8 12.5 13.9 8.7 1.6 
NProf A c17 233 19.94 8.36 191 306 27.2 17.6 1.63 0.24 4.73 -3.71 4.81 4.38 3.5 23 -16.3 -26.0 13.6 6.9 7.6 1.8 
NProf A c18 224 25.82 7.78 181 296 30.2 6.6 1.77 0.30 3.58 -4.41 2.95 3.61 3.3 19 -11.7 -22.4 14.1 12.5 6.5 1.7 
NProf A c19 225 16.40 13.54 198 252 11.4 24.3 1.60 0.37 3.56 -3.77 2.09 3.21 2.8 19 -15.5 -24.9 13.5 4.8 7.6 1.8 
NProf A c20 230 20.39 11.82 200 269 62.4 16.4 1.83 0.42 5.21 -4.14 4.80 3.16 2.6 19 -17.4 -23.8 13.5 7.6 6.7 1.9 
NProf A c21 228 16.86 4.96 190 267 18.3 7.8 1.73 0.17 1.63 -2.64 1.08 3.37 3.5 24 -15.2 -24.1 13.6 9.1 7.1 2.1 
NProf A c22 232 28.35 11.70 180 297 57.7 10.1 1.32 0.69 3.33 -3.77 3.61 3.45 3.8 19 -11.7 -25.6 13.4 5.3 6.6 1.6 
NProf A c23 221 16.75 11.48 200 272 20.8 8.7 1.81 0.14 2.45 -2.61 1.78 2.79 3.2 20 -13.4 -18.6 12.8 11.6 6.8 2.0 
NProf A c24 228 22.32 14.58 193 278 16.4 14.3 1.12 0.42 3.20 -3.95 2.09 4.06 4.1 19 -13.7 -21.6 13.2 10.6 7.2 2.0 
NProf A c25 224 26.56 7.49 169 300 31.2 5.0 2.12 0.22 3.40 -3.31 4.34 4.71 2.0 19 -16.9 -26.0 14.3 5.1 7.1 2.2 
NProf A c26 221 25.74 14.27 186 307 33.1 7.2 1.71 0.15 2.98 -2.81 3.34 3.53 3.7 17 -13.7 -22.0 13.0 9.0 8.6 1.9 
NProf A c27 232 13.39 7.90 209 264 13.4 12.5 2.11 0.12 2.88 -2.34 2.19 3.00 2.5 20 -16.9 -25.8 15.7 10.3 6.5 1.5 
NProf A c28 228 43.44 18.63 185 400 19.5 4.4 1.63 0.20 3.22 -4.91 2.28 5.09 3.5 20 -15.9 -24.7 15.2 7.7 6.9 1.5 
NProf A c29 225 23.42 18.14 188 276 22.7 10.3 1.50 0.21 4.25 -3.97 2.95 3.28 3.3 18 -13.6 -19.6 12.6 12.5 8.2 2.0 
NProf A c30 226 12.79 8.65 197 252 10.5 14.4 1.75 0.19 2.81 -3.33 1.75 2.90 3.3 18 -16.8 -24.2 14.4 7.6 7.3 2.0 
NProf B c1 204 31.92 29.56 164 266 33.3 6.7 1.53 0.57 4.39 -5.12 2.71 4.33 1.8 15 -17.9 -25.5 14.0 17.3 7.1 1.8 
NProf B c2 211 18.71 12.16 164 223 4.5 8.3 1.87 0.38 4.04 -2.74 2.19 2.93 2.6 15 -19.0 -22.5 11.5 16.5 11.1 3.2 
NProf B c3 199 21.91 14.26 165 265 25.2 12.9 1.73 0.16 3.47 -3.81 2.62 2.79 1.7 16 -21.8 -22.4 12.6 6.9 9.5 2.2 
NProf B c4 203 15.82 7.20 158 232 7.9 11.8 3.73 0.08 1.22 -1.81 0.91 2.39 3.1 18 -17.0 -19.3 8.4 15.3 10.0 3.0 
NProf B c5 197 27.70 24.08 162 249 11.8 7.8 1.79 NA 4.34 -4.28 3.06 2.89 1.1 15 -19.7 -26.2 12.9 17.7 7.4 2.1 
NProf B c6 192 24.44 22.50 153 237 11.0 4.4 1.15 0.23 4.61 -3.52 2.66 3.93 2.1 15 -18.8 -26.3 10.7 9.9 9.4 3.1 
NProf B c7 196 27.86 16.02 151 277 41.5 29.4 1.58 0.45 6.37 -5.14 5.93 4.96 2.6 16 -16.5 -26.6 12.3 15.0 8.0 2.7 
NProf B c8 192 24.87 15.07 134 255 28.5 9.2 1.36 0.19 4.13 -4.05 3.45 3.47 1.9 13 -18.9 -25.5 12.9 9.7 9.4 2.6 
NProf B c9 205 28.60 13.50 184 386 69.9 5.6 1.56 0.21 8.48 -2.56 9.26 3.52 2.2 17 -17.6 -22.0 12.1 11.5 8.7 2.3 
NProf B c10 207 26.18 22.21 171 271 25.3 18.9 2.19 0.12 6.11 -4.71 4.81 5.15 2.0 14 -18.5 -23.8 11.0 9.1 9.6 2.8 
NProf B c11 210 22.76 11.67 145 256 21.7 11.3 1.44 0.06 5.22 -3.84 4.73 3.88 2.5 17 -19.5 -24.2 12.8 12.0 8.7 2.4 
NProf B c12 183 31.82 14.32 155 301 46.9 5.9 1.55 0.25 3.96 -3.85 3.25 4.42 1.3 13 -17.2 -24.4 13.5 11.8 8.5 2.5 
NProf B c13 203 21.95 13.04 159 258 23.5 9.3 1.39 0.37 4.03 -3.94 2.93 3.87 1.7 19 -19.6 -27.4 13.5 12.8 8.2 2.3 
NProf B c14 197 24.23 18.69 154 261 33.7 8.5 1.51 0.38 4.00 -3.88 3.61 3.76 1.5 14 -19.9 -29.2 13.4 12.2 7.9 2.5 
NProf B c15 182 24.19 18.54 154 243 28.1 10.9 1.33 0.21 4.51 -4.55 3.22 3.67 1.8 14 -20.0 -25.4 13.8 13.3 8.0 2.3 
NProf B c16 192 16.66 8.57 161 226 13.8 10.0 1.87 0.22 4.39 -2.33 3.26 1.94 2.0 15 -19.2 -24.2 11.5 14.3 8.4 2.8 
NProf B c17 189 17.79 10.02 150 229 17.4 9.3 1.33 0.16 3.15 -1.91 3.05 2.39 1.6 21 -20.6 -26.5 13.4 14.0 7.6 2.3 
NProf B c18 204 23.50 15.50 158 260 22.9 14.7 1.17 0.37 3.94 -3.83 2.28 2.73 2.4 16 -17.0 -27.0 13.2 10.7 7.6 2.5 
NProf B c19 198 12.58 7.11 158 213 12.1 16.9 2.03 0.11 2.96 -2.73 1.86 2.60 1.7 15 -18.7 -23.1 11.5 9.4 11.0 2.8 
NProf B c20 201 19.40 11.49 152 239 19.3 10.3 1.71 0.20 3.53 -3.02 2.22 4.19 1.5 17 -19.7 -23.3 11.6 12.7 8.7 2.6 
NProf B c21 206 19.01 11.75 168 243 16.4 7.7 2.14 0.05 3.74 -2.21 2.73 2.79 2.5 20 -18.7 -24.5 13.4 12.6 8.5 2.6 
NProf B c22 202 23.71 13.12 160 256 26.5 13.1 1.82 0.50 4.46 -3.75 2.28 3.48 1.8 16 -18.4 -25.6 12.7 3.9 7.4 2.3 
NProf B c23 205 27.15 20.22 158 264 32.2 13.2 1.65 0.26 4.78 -4.22 3.21 4.07 2.1 15 -18.2 -21.8 12.3 14.1 8.0 2.3 
NProf B c24 208 25.56 18.59 164 261 30.4 9.2 1.79 0.21 4.68 -4.25 3.57 4.71 2.3 16 -17.3 -25.5 12.2 10.9 7.7 2.5 
NProf B c25 202 25.70 15.12 150 254 26.0 6.4 1.97 0.15 3.39 -2.54 2.59 3.63 2.1 19 -19.1 -24.0 13.0 8.8 7.9 2.1 
NProf B c26 202 27.20 20.71 145 266 20.7 15.1 1.39 0.30 4.27 -4.46 3.41 4.34 2.4 14 -17.1 -22.6 10.8 12.1 8.4 2.3 
NProf B c27 199 15.73 11.35 165 223 14.6 18.3 1.59 0.29 3.30 -2.73 1.62 3.08 1.7 17 -18.3 -24.2 14.2 9.8 8.2 2.1 
NProf B c28 199 28.70 23.18 154 261 35.6 6.0 1.25 0.43 4.16 -4.72 2.40 3.96 1.7 15 -19.0 -28.7 13.6 13.4 7.3 2.2 
NProf B c29 193 22.08 17.42 154 246 20.0 10.6 1.28 0.38 3.70 -3.46 2.80 2.95 2.2 15 -18.5 -24.1 10.4 11.4 8.0 2.8 
NProf B c30 201 19.32 11.90 157 254 17.7 14.0 1.55 0.20 4.04 -4.28 3.25 3.24 2.3 15 -19.0 -25.0 13.4 8.3 8.1 2.3 
NProf J c5 210 44.92 27.02 156 311 44.4 6.0 1.54 0.23 6.07 -11.29 3.55 7.99 2.3 14 -14.9 -21.1 12.4 10.7 8.3 1.9 
NProf J c6 176 24.83 15.55 146 237 31.2 22.1 1.84 0.12 4.81 -6.54 4.21 5.68 2.1 18 -17.5 -19.0 10.5 9.4 11.8 2.8 
NProf J c7 187 40.91 27.57 136 275 47.4 8.3 1.72 0.14 5.97 -7.54 3.62 6.16 2.2 13 -17.4 -14.9 10.4 13.2 10.3 2.4 
NProf J c8 200 22.75 11.38 131 270 37.9 21.4 0.96 0.23 5.22 -3.19 6.50 3.96 2.8 20 -17.2 -23.6 14.7 10.7 7.5 1.8 
NProf J c9 196 19.07 18.19 176 238 14.9 14.1 1.19 0.21 2.81 -4.23 2.24 4.19 3.1 18 -17.1 -27.7 14.4 14.8 7.3 1.7 
NProf J c10 190 28.50 9.14 157 274 37.5 4.9 0.98 0.27 3.76 -3.56 2.28 4.03 2.6 19 -18.2 -23.9 14.6 12.3 8.5 1.8 
NProf J c11 193 16.52 11.02 160 233 19.7 10.0 1.34 0.58 2.31 -3.40 2.55 2.62 2.9 15 -18.1 -23.4 13.5 9.7 8.3 1.7 
NProf J c12 185 19.57 18.17 156 230 26.7 13.3 1.56 0.22 2.80 -1.40 2.40 1.01 2.3 16 -16.4 -23.9 14.9 14.0 6.4 1.7 
NProf J c13 216 25.89 18.80 162 274 27.3 8.0 1.33 0.52 3.70 -4.16 3.21 4.12 3.4 17 -15.2 -23.9 13.7 13.4 7.5 1.9 
NProf J c14 193 19.33 13.81 163 237 21.8 8.5 1.48 0.33 3.10 -3.22 2.57 2.44 2.2 14 -18.7 -24.4 15.7 13.2 7.0 1.5 
NProf J c15 208 25.02 14.95 173 282 26.1 4.7 1.46 0.43 3.26 -2.71 3.11 1.63 2.8 20 -19.1 -23.9 15.3 13.7 8.3 1.5 
NProf J c16 208 33.97 29.71 167 303 NA 4.8 NA NA 3.58 -4.85 2.50 4.30 3.4 16 -19.6 -29.4 14.9 14.1 8.4 1.8 
NProf J c17 202 25.35 18.62 161 268 29.3 4.6 1.04 0.57 2.74 -3.21 2.15 2.53 2.9 14 -18.6 -26.9 15.2 14.0 7.1 1.7 
NProf J c18 188 18.82 14.86 155 231 18.5 12.3 1.62 0.15 3.14 -2.13 3.92 1.71 3.2 14 -17.9 -28.7 14.2 16.2 8.2 1.9 
NProf J c19 217 25.66 16.69 184 276 31.0 5.2 1.73 0.02 3.51 -3.78 3.03 2.53 1.5 14 -20.4 -26.8 15.7 14.2 6.4 1.9 
NProf J c20 191 14.05 11.70 165 216 23.1 19.6 1.82 0.11 1.75 -2.58 2.07 2.93 2.4 19 -15.9 -24.7 13.9 17.7 6.4 1.7 
NProf J c21 193 16.68 13.05 166 244 22.5 10.5 1.57 0.48 4.41 -1.69 4.65 1.38 2.6 13 -15.5 -25.9 13.8 10.1 9.3 1.8 
NProf J c22 197 21.75 19.71 164 237 7.8 16.8 1.29 0.87 5.02 -2.20 3.51 1.63 2.8 12 -18.8 -25.1 14.9 9.6 7.2 1.9 
NProf J c23 208 20.04 11.09 168 278 31.4 14.3 1.31 0.60 4.19 -2.77 6.25 3.06 2.7 16 -18.2 -26.2 15.1 13.6 8.3 1.8 
NProf J c24 206 19.52 13.84 165 243 15.9 24.0 1.27 0.30 3.01 -3.79 1.96 3.24 2.4 20 -16.2 -24.5 13.7 15.6 8.1 2.1 
NProf J c25 204 23.23 19.00 172 260 23.3 11.9 1.16 0.47 3.76 -4.20 3.53 4.34 1.8 14 -17.7 -22.6 14.8 12.5 6.5 1.8 
NProf J c26 205 28.17 15.18 172 298 42.0 8.4 1.12 0.32 3.94 -3.97 3.93 5.44 3.0 14 -17.7 -25.5 14.7 11.4 7.3 1.6 
NProf J c27 212 25.41 18.12 178 283 31.4 13.2 1.70 0.29 4.98 -3.31 4.04 3.78 2.7 14 -18.6 -27.0 15.4 11.1 7.5 1.8 
NProf J c28 191 12.58 6.00 173 230 17.3 12.1 1.65 0.42 1.50 -1.35 1.36 1.91 2.5 18 -16.8 -21.9 13.1 13.0 8.7 2.0 
NProf J c29 199 18.29 10.94 168 243 17.0 13.5 1.20 0.39 2.66 -2.34 3.42 2.38 2.8 17 -18.9 -24.7 16.0 10.7 7.0 1.6 
NProf J c30 191 23.64 14.36 166 265 27.9 7.5 1.08 0.47 3.36 -2.57 3.22 2.35 2.8 13 -16.8 -27.7 16.4 11.5 7.7 1.6 
NProf Z c1 198 38.15 32.29 176 299 58.9 8.7 1.62 0.24 5.80 -7.06 4.44 6.13 3.4 15 -11.1 -27.8 14.1 20.3 7.6 1.9 
NProf Z c2 225 25.94 19.63 159 259 22.9 4.4 2.14 NA 2.46 -4.92 1.69 5.72 4.8 18 -11.9 -29.2 14.1 21.2 7.7 2.3 
NProf Z c3 203 25.14 18.92 175 263 34.1 10.1 1.20 0.32 3.89 -3.11 4.28 2.76 2.4 18 -15.3 -28.3 14.8 12.5 8.0 2.2 
NProf Z c4 246 40.88 24.23 162 303 33.6 6.9 2.12 0.19 9.03 -4.22 11.06 4.23 4.1 21 -13.2 -27.9 15.5 18.6 6.7 1.8 
NProf Z c5 212 36.67 22.26 182 314 46.8 8.5 2.05 0.10 5.92 -6.79 3.64 5.00 3.5 12 -15.1 -27.0 13.0 17.4 7.4 2.3 
NProf Z c6 199 34.51 20.93 173 290 33.9 11.3 1.40 0.83 6.10 -4.15 4.91 5.85 3.4 18 -14.1 -29.6 13.3 13.1 8.8 2.4 
NProf Z c7 217 32.61 12.13 167 318 47.3 3.8 1.50 0.14 2.76 -3.90 2.15 4.37 4.5 24 -11.9 -28.9 15.8 19.1 7.3 1.7 
NProf Z c8 226 29.51 20.72 162 287 35.2 7.1 1.59 0.31 3.96 -2.98 3.62 2.94 4.0 15 -12.6 -28.2 14.1 15.3 9.6 2.1 
NProf Z c9 221 21.21 7.75 166 283 36.6 11.6 1.91 0.16 4.11 -3.13 3.74 4.36 5.1 23 -11.3 -27.0 13.4 8.4 8.0 2.4 
NProf Z c10 224 29.40 19.02 157 287 45.3 7.8 1.55 0.10 3.56 -3.82 3.15 4.43 3.9 16 -12.9 -28.2 14.2 14.6 7.5 2.3 
NProf Z c11 208 22.98 13.92 160 291 31.4 4.5 1.70 0.18 2.72 -2.64 1.84 3.18 3.5 22 -14.7 -29.4 14.5 15.5 8.1 2.4 
NProf Z c12 204 26.82 17.66 171 277 35.4 9.9 1.49 0.73 4.61 -3.25 3.52 2.54 3.0 15 -12.4 -30.4 15.6 19.2 7.2 2.0 
NProf Z c13 213 22.28 13.25 162 260 19.4 10.3 1.71 0.26 4.77 -3.98 4.61 4.46 3.6 20 -14.4 -29.3 13.7 16.6 8.6 2.4 
NProf Z c14 216 28.61 14.54 157 285 35.4 8.5 1.39 0.43 6.54 -3.89 4.90 4.22 3.7 16 -14.3 -30.2 14.3 18.1 7.8 2.1 
NProf Z c15 203 23.71 19.39 166 253 27.5 5.9 1.65 0.17 2.95 -2.35 1.95 2.22 3.6 18 -14.1 -28.6 14.6 16.3 8.1 2.2 
NProf Z c16 197 24.75 20.39 168 250 36.3 9.1 1.50 0.48 5.10 -1.93 3.30 1.86 3.6 20 -15.9 -28.5 13.4 16.6 9.2 2.1 
NProf Z c17 216 30.01 15.89 159 301 33.7 6.1 1.19 0.14 4.82 -3.16 4.66 3.98 3.7 23 -16.4 -30.2 15.1 17.2 7.9 2.1 
NProf Z c18 206 21.07 13.15 157 254 17.4 15.6 1.36 0.25 4.89 -4.07 3.15 4.00 3.8 18 -11.9 -29.4 13.4 19.3 7.6 2.3 
NProf Z c19 191 12.49 11.39 174 217 12.8 13.0 1.86 0.26 3.22 -2.08 2.99 1.96 4.3 21 -13.0 -28.1 14.5 18.3 8.4 2.4 
NProf Z c20 228 26.20 17.26 167 292 30.8 12.2 1.86 0.27 5.72 -2.88 7.32 3.54 2.9 18 -12.5 -28.5 15.1 15.4 8.1 2.3 
NProf Z c21 215 25.69 9.80 170 304 44.0 6.5 1.76 0.17 3.32 -4.05 2.69 5.55 3.7 21 -15.2 -29.5 13.6 17.5 8.5 2.1 
NProf Z c22 224 26.10 18.95 168 274 17.0 9.6 1.29 NA 4.50 -4.95 2.23 3.66 3.0 17 -10.2 -27.1 15.5 11.4 7.1 2.3 
NProf Z c23 211 25.17 14.66 157 272 29.5 9.6 1.83 0.15 4.56 -4.07 4.27 4.06 2.9 15 -15.7 -26.7 15.1 18.0 7.0 2.0 
NProf Z c24 208 23.99 15.33 173 272 41.2 15.0 1.02 0.38 3.84 -5.29 3.69 4.73 3.8 19 -13.7 -28.5 13.5 13.6 8.3 2.3 
NProf Z c25 196 30.99 14.50 148 274 33.8 7.7 1.74 0.05 2.27 -2.30 1.92 3.10 2.9 19 -13.9 -24.8 13.7 11.2 7.0 2.0 
NProf Z c26 239 35.17 31.16 172 300 62.1 6.1 1.53 0.35 6.44 -3.72 10.40 4.36 3.3 16 -14.2 -26.5 13.2 15.5 8.3 2.6 
NProf Z c27 213 27.39 16.25 178 284 34.4 6.4 1.61 0.18 4.10 -3.01 3.45 3.80 3.5 22 -10.8 -29.5 15.7 18.0 6.9 2.0 
NProf Z c28 208 43.30 32.70 166 341 48.7 8.6 0.99 0.21 8.09 -6.78 5.47 5.13 2.3 17 -16.7 -31.8 16.1 12.8 7.4 1.9 
NProf Z c29 206 32.26 26.06 163 279 31.8 12.3 1.30 0.35 6.31 -4.09 4.02 3.67 2.7 17 -14.1 -28.9 14.0 17.9 7.6 2.4 
NProf Z c30 209 36.72 23.56 161 335 49.2 8.0 1.33 0.27 4.44 -6.33 3.23 4.97 3.7 19 -13.5 -31.3 15.4 15.4 7.2 2.2 
Prof G c1 168 49.49 46.01 130 264 57.3 5.5 1.42 0.18 6.30 -5.77 3.95 6.61 1.8 46 -17.4 -19.1 11.5 13.5 6.5 1.7 
Prof G c2 198 21.59 10.42 124 213 9.1 3.5 2.21 0.17 2.49 -3.61 1.59 2.66 3.2 14 -18.2 -26.2 13.6 11.3 8.2 2.3 
Prof G c3 166 18.34 15.19 130 191 12.0 14.2 1.73 0.36 4.44 -2.72 2.31 2.95 1.7 14 -19.8 -20.8 11.1 8.2 8.2 2.3 
Prof G c4 209 34.87 26.96 135 252 17.3 31.9 1.75 0.52 8.57 -7.67 6.62 8.10 3.1 15 -17.1 -19.0 9.9 15.9 8.1 2.6 
Prof G c5 162 42.70 33.14 131 278 59.0 6.0 1.78 0.05 5.16 -6.06 2.94 6.67 1.3 16 -19.3 -20.2 12.3 14.3 5.4 2.5 
Prof G c6 173 37.29 32.40 119 263 46.1 7.8 1.76 0.39 4.73 -4.94 2.90 4.18 2.1 16 -18.9 -21.1 11.3 9.4 7.0 2.7 
Prof G c7 150 33.97 29.53 116 258 62.9 17.6 1.49 0.44 7.34 -4.81 7.53 5.28 2.0 20 -16.3 -24.3 12.9 10.6 6.3 2.3 
Prof G c8 179 36.45 28.52 119 258 45.4 9.1 1.60 0.27 5.75 -5.08 5.39 4.94 1.8 12 -17.9 -22.3 12.2 13.0 7.6 2.4 
Prof G c9 185 26.71 20.63 137 243 29.4 10.9 1.74 0.31 5.14 -3.09 3.24 4.05 2.0 22 -18.1 -22.7 12.4 11.4 6.8 1.9 
Prof G c10 199 34.88 28.86 128 246 30.0 5.0 1.58 0.24 3.49 -3.46 2.07 3.44 2.2 15 -17.3 -24.0 12.5 8.7 6.9 2.2 
Prof G c11 183 25.69 21.81 118 220 21.5 13.8 1.36 0.18 5.40 -3.22 5.10 3.54 2.4 18 -18.2 -21.7 11.3 13.3 8.6 2.2 
Prof G c12 150 38.55 16.70 131 316 65.3 3.6 1.56 0.26 4.28 -5.86 4.61 6.58 1.5 15 -17.9 -23.3 13.5 14.0 6.6 1.9 
Prof G c13 175 31.99 20.27 125 263 46.4 15.4 1.38 0.42 6.40 -3.48 6.74 4.03 2.3 20 -18.5 -22.1 11.9 11.8 7.7 2.4 
Prof G c14 184 35.15 25.66 124 263 45.7 5.9 1.31 0.38 4.20 -4.92 4.20 4.86 1.8 16 -17.9 -25.4 14.0 9.3 6.9 2.1 
Prof G c15 174 24.24 18.38 139 229 24.0 20.7 1.39 0.26 7.12 -5.15 3.88 4.18 1.8 14 -18.2 -25.6 12.9 11.7 6.9 2.2 
Prof G c16 166 13.75 10.99 142 194 9.1 25.4 1.72 0.38 4.36 -2.63 2.41 2.56 2.3 15 -16.1 -25.4 11.2 11.2 7.5 2.3 
Prof G c17 184 31.49 23.58 129 246 33.3 12.4 1.44 0.22 4.59 -3.35 3.06 3.97 1.6 22 -19.9 -28.0 13.5 11.3 6.4 2.0 
Prof G c18 186 33.63 27.68 119 242 24.7 9.1 1.45 0.42 5.24 -3.94 4.29 3.45 1.9 16 -17.1 -23.3 13.0 13.7 6.6 2.1 
Prof G c19 155 14.51 9.65 136 200 15.6 30.4 1.72 0.22 4.73 -3.49 4.28 2.98 2.4 13 -16.7 -24.3 10.6 12.4 8.1 2.4 
Prof G c20 198 32.95 25.19 115 250 22.7 9.0 1.57 0.41 5.23 -5.28 3.18 5.88 1.9 16 -18.1 -24.4 12.1 11.7 6.9 2.1 
Prof G c21 156 18.82 8.45 132 229 28.5 7.9 1.89 0.22 3.32 -1.53 4.06 3.57 1.5 23 -19.7 -24.0 12.1 12.3 6.9 2.2 
Prof G c22 181 40.17 35.22 113 245 38.0 4.3 1.70 0.35 4.58 -4.71 2.77 4.55 1.4 18 -16.9 -25.3 12.9 5.4 5.8 2.3 
Prof G c23 165 28.96 24.72 124 225 31.6 10.9 1.39 0.31 4.95 -2.95 4.22 2.86 2.0 14 -18.1 -20.5 12.4 11.7 6.4 1.9 
Prof G c24 179 38.85 22.26 119 272 49.6 4.9 1.26 0.12 5.24 -6.04 3.75 5.59 2.3 15 -18.2 -21.1 11.9 12.7 6.8 2.1 
Prof G c25 174 27.05 19.92 135 242 31.8 7.6 1.93 0.23 3.10 -3.45 2.63 4.49 1.5 17 -19.1 -25.6 13.5 6.6 6.6 1.9 
Prof G c26 174 33.50 32.08 120 229 32.4 8.9 1.47 0.05 4.52 -4.22 3.29 4.16 1.9 14 -17.8 -21.8 11.2 8.1 7.2 2.2 
Prof G c27 157 37.63 18.77 124 273 53.4 4.6 1.19 0.23 5.38 -3.18 3.40 5.10 1.6 22 -17.1 -25.0 12.9 13.6 7.0 2.2 
Prof G c28 157 32.91 16.47 128 256 40.5 6.1 1.39 0.29 3.96 -3.81 4.58 3.79 1.7 14 -17.5 -25.0 13.6 11.1 7.0 2.1 
Prof G c29 165 39.98 36.41 129 282 63.6 6.4 1.37 0.23 8.89 -4.50 11.00 3.89 2.0 15 -17.4 -22.0 11.4 13.4 7.4 2.3 
Prof G c30 182 29.84 24.23 122 253 30.1 12.5 1.56 0.28 4.33 -4.47 4.24 4.40 2.6 16 -16.8 -25.0 12.0 12.6 7.7 2.0 
Prof H c1 166 44.15 34.89 130 270 55.7 6.6 1.31 0.02 2.40 -5.97 2.13 5.01 2.9 18 -13.5 -22.4 12.9 18.6 8.0 2.2 
Prof H c2 190 35.12 29.45 124 235 NA 2.9 NA NA 2.29 -2.61 1.26 2.51 3.5 16 -13.5 -21.1 12.1 22.6 9.9 2.8 
Prof H c3 159 26.91 23.65 118 211 23.9 10.5 2.08 0.27 3.98 -3.59 2.83 3.64 3.1 17 -14.4 -20.9 12.2 15.8 9.4 2.2 
Prof H c4 195 43.16 43.30 132 271 61.3 5.6 1.71 0.47 0.96 -2.63 0.72 3.09 3.6 25 -13.7 -19.7 11.4 19.5 10.1 2.2 
Prof H c5 133 34.79 18.43 115 218 58.9 7.7 1.63 NA 4.88 -3.55 3.03 3.92 2.3 18 -15.0 -23.4 10.6 17.0 8.3 2.7 
Prof H c6 197 24.99 21.79 142 243 24.7 4.2 1.82 0.40 2.49 -3.26 3.16 3.96 2.0 20 -17.4 -23.0 13.5 10.2 8.3 2.5 
Prof H c7 161 28.11 19.23 113 211 34.9 18.3 1.24 0.61 3.44 -2.96 3.18 3.76 2.5 23 -13.3 -24.6 13.2 20.7 8.7 2.1 
Prof H c8 165 35.33 25.90 119 294 52.8 7.0 1.66 0.37 4.76 -4.73 3.48 4.99 2.2 15 -15.7 -22.5 12.8 12.8 8.9 2.8 
Prof H c9 191 26.29 20.01 143 239 23.6 13.7 1.78 0.24 5.58 -4.26 3.50 5.79 2.8 22 -15.0 -24.3 13.4 13.8 8.9 2.4 
Prof H c10 182 24.05 21.48 125 206 17.5 10.1 1.38 0.52 3.17 -2.45 2.59 2.27 1.8 17 -16.8 -22.7 13.5 17.3 8.5 2.3 
Prof H c11 159 37.41 20.98 118 249 48.2 5.9 1.69 0.22 4.12 -2.37 4.91 3.19 2.8 20 -16.1 -23.5 11.0 14.8 9.6 3.1 
Prof H c12 140 16.21 7.93 114 184 16.5 11.6 1.49 0.34 4.05 -3.34 2.90 2.84 2.2 16 -14.5 -25.4 11.0 18.8 8.6 2.7 
Prof H c13 171 31.93 16.51 121 268 43.5 4.3 1.49 0.58 2.37 -4.47 2.48 4.72 2.2 18 -15.7 -22.2 11.6 15.3 9.3 2.8 
Prof H c14 159 36.95 29.72 117 242 40.4 3.9 1.50 0.34 3.58 -2.57 3.86 2.76 2.8 16 -13.1 -27.3 12.5 17.6 8.7 2.6 
Prof H c15 158 34.08 18.93 114 275 41.3 8.9 1.46 0.27 4.13 -6.27 4.23 5.43 2.6 18 -13.5 -23.9 12.4 17.5 7.7 2.6 
Prof H c16 148 25.87 25.06 116 198 30.7 13.7 1.57 0.02 5.24 -4.20 4.01 3.86 2.9 18 -12.5 -22.5 7.9 18.0 11.2 3.8 
Prof H c17 165 34.67 20.36 116 260 46.3 6.1 1.59 0.32 4.35 -3.81 2.91 5.03 2.6 21 -16.7 -24.4 11.4 14.5 8.3 2.9 
Prof H c18 160 41.04 19.48 120 277 46.1 5.1 1.66 0.18 4.64 -3.39 2.40 3.21 2.4 21 -13.6 -24.0 12.6 16.2 7.9 2.5 
Prof H c19 135 36.27 28.57 114 224 44.7 3.6 1.38 0.56 3.49 -2.16 3.05 2.82 3.8 15 -16.6 -24.1 11.8 13.5 8.4 2.5 
Prof H c20 181 35.92 27.04 116 233 27.2 6.5 1.53 0.09 3.36 -3.72 2.12 3.68 2.3 19 -14.6 -22.6 13.4 18.7 7.5 2.4 
Prof H c21 147 54.34 36.90 124 276 59.2 8.0 1.58 0.21 3.64 -4.21 2.70 5.44 2.1 23 -15.9 -24.2 12.6 13.5 9.2 2.7 
Prof H c22 200 46.75 35.04 124 367 78.9 7.0 1.82 0.13 12.49 -5.68 14.07 6.86 2.0 20 -13.5 -23.9 15.0 12.0 7.1 2.0 
Prof H c23 162 46.03 47.40 116 256 55.4 5.7 1.79 0.19 4.09 -3.01 3.24 3.48 2.1 16 -15.0 -22.1 13.3 12.0 7.4 2.3 
Prof H c24 166 35.30 34.84 127 232 33.5 6.3 1.65 0.38 5.03 -3.56 3.66 3.32 2.9 19 -15.8 -24.5 12.4 18.4 8.7 2.5 
Prof H c25 177 54.93 33.85 123 411 93.1 6.4 1.77 0.22 14.72 -4.54 13.90 5.33 2.5 20 -14.9 -24.5 11.6 17.5 9.9 2.7 
Prof H c26 139 29.08 23.37 113 224 32.9 8.7 1.88 0.24 3.78 -2.96 3.46 2.75 3.1 16 -11.8 -21.0 11.0 17.3 8.9 2.6 
Prof H c27 154 30.70 30.19 128 223 34.3 11.9 1.91 0.07 4.39 -3.71 3.43 4.60 2.2 21 -16.5 -24.3 12.7 17.7 8.0 2.9 
Prof H c28 141 16.60 7.18 115 197 17.9 10.3 1.25 0.49 3.21 -2.78 3.13 3.02 3.5 17 -16.6 -26.4 11.7 12.8 9.3 2.8 
Prof H c29 140 35.36 21.90 115 245 37.1 7.2 1.79 0.19 2.75 -3.71 2.67 3.31 3.0 17 -13.6 -21.6 10.7 15.3 8.4 2.6 
Prof H c30 180 37.37 33.97 116 247 45.7 7.0 1.22 0.39 3.72 -3.72 3.26 4.64 2.5 18 -15.6 -23.6 14.5 18.3 8.0 2.5 
Prof Re c1 232 45.20 35.83 146 298 54.1 7.5 1.70 0.42 7.21 -5.75 4.60 5.00 2.1 17 -18.3 -21.1 12.3 13.5 6.2 1.9 
Prof Re c2 239 16.01 6.42 194 250 6.6 7.0 2.84 0.18 2.44 -2.80 2.47 3.46 2.4 15 -19.2 -25.0 13.3 13.2 7.4 2.3 
Prof Re c3 211 34.72 30.72 147 264 36.3 6.5 1.98 0.06 5.23 -3.54 3.57 4.84 1.6 16 -19.9 -22.8 13.4 7.3 8.3 2.0 
Prof Re c4 177 42.93 39.59 131 266 58.6 6.2 2.11 0.29 4.96 -3.48 4.96 5.42 2.0 19 -18.3 -21.2 11.1 13.6 8.7 2.3 
Prof Re c5 197 41.65 34.87 138 286 50.9 7.7 1.63 0.02 5.18 -4.60 3.55 5.12 1.2 17 -20.6 -22.4 12.9 14.8 6.2 2.5 
Prof Re c6 236 31.28 20.18 158 283 26.3 5.4 2.14 0.22 3.77 -4.03 3.39 3.85 1.6 16 -19.8 -24.5 13.6 7.9 6.9 2.2 
Prof Re c7 156 38.77 32.88 130 253 48.6 5.4 1.71 0.38 5.25 -4.39 4.50 4.98 1.3 20 -16.6 -22.9 13.9 13.8 6.1 2.4 
Prof Re c8 207 40.84 36.49 139 282 41.9 12.7 1.64 0.20 7.57 -4.81 5.67 4.65 1.0 16 -20.7 -23.7 12.3 13.1 7.5 2.6 
Prof Re c9 233 44.64 29.54 135 306 52.6 12.2 1.52 0.24 8.33 -6.69 6.26 7.17 1.8 17 -20.3 -22.8 11.8 11.4 6.9 2.3 
Prof Re c10 181 34.13 31.79 147 262 34.8 11.1 1.90 0.20 5.44 -4.30 3.34 3.28 1.5 15 -18.4 -26.6 13.0 14.7 6.7 2.2 
Prof Re c11 211 37.32 32.46 143 296 41.8 9.0 1.87 0.16 5.19 -4.84 4.39 4.94 1.2 18 -20.8 -24.7 12.9 13.0 7.2 2.5 
Prof Re c12 181 44.71 29.61 148 355 67.9 6.5 1.68 0.14 5.34 -5.85 6.48 5.97 1.1 17 -18.1 -23.8 13.4 15.1 7.0 2.1 
Prof Re c13 220 44.66 32.37 139 307 44.0 7.1 1.45 0.34 6.93 -6.69 4.49 4.59 1.4 18 -19.8 -25.3 13.5 10.6 7.3 2.1 
Prof Re c14 193 42.86 29.80 142 324 49.3 5.0 1.94 0.18 5.20 -5.44 3.34 6.59 1.1 16 -19.9 -28.9 13.5 13.1 7.0 2.8 
Prof Re c15 183 36.54 25.36 143 283 35.1 8.6 1.48 0.23 6.21 -5.04 3.59 3.73 1.2 16 -20.6 -27.3 14.0 14.3 6.7 2.3 
Prof Re c16 244 44.95 40.95 144 293 39.4 6.7 1.92 0.35 4.24 -4.21 3.69 4.30 1.2 16 -19.6 -28.3 13.3 14.8 7.3 2.5 
Prof Re c17 211 39.99 35.54 140 274 41.4 9.6 1.65 0.24 5.04 -5.00 3.61 5.15 1.1 18 -21.8 -29.1 14.6 10.9 5.8 2.0 
Prof Re c18 199 40.88 33.06 147 303 47.7 14.5 1.59 0.20 8.10 -7.28 4.36 5.44 1.1 17 -18.2 -26.4 13.1 13.4 6.9 2.4 
Prof Re c19 180 30.09 19.47 146 251 31.0 11.9 1.73 0.13 5.75 -4.30 3.62 3.74 1.5 14 -16.9 -24.0 11.4 11.7 7.8 2.6 
Prof Re c20 260 40.87 13.73 136 305 20.4 5.9 1.71 0.24 3.02 -4.29 2.07 3.56 1.0 16 -21.6 -25.2 16.1 12.3 6.6 2.0 
Prof Re c21 195 33.80 29.41 140 270 50.1 15.6 1.44 0.37 7.96 -3.51 4.84 5.06 1.2 22 -23.5 -24.9 13.0 7.8 7.4 2.8 
Prof Re c22 175 26.91 20.31 138 231 29.3 9.5 2.63 0.09 6.54 -4.43 4.13 4.40 1.4 18 -19.8 -23.4 12.3 5.3 7.0 2.2 
Prof Re c23 216 33.89 27.77 144 279 36.5 8.9 1.45 0.34 5.81 -4.65 4.01 4.04 1.1 17 -20.2 -22.4 13.0 12.5 6.6 2.4 
Prof Re c24 184 38.82 28.43 143 295 52.3 9.1 1.62 0.25 5.49 -6.18 4.41 6.68 1.5 18 -18.0 -19.8 11.4 8.1 8.0 2.7 
Prof Re c25 197 36.58 29.51 139 261 44.5 11.0 1.94 0.23 4.52 -4.41 3.15 4.95 1.1 18 -21.2 -23.5 12.7 10.5 6.9 2.2 
Prof Re c26 181 46.24 39.79 146 299 53.3 6.5 1.61 0.33 5.12 -4.92 4.18 4.94 1.3 14 -17.3 -22.1 12.7 11.0 7.6 2.5 
Prof Re c27 186 51.43 50.30 144 304 59.8 4.7 1.73 0.28 6.11 -5.10 4.59 5.63 1.0 18 -18.8 -26.6 14.7 14.8 6.8 2.2 
Prof Re c28 191 34.43 24.85 144 272 36.1 4.3 1.40 0.50 4.42 -3.65 3.75 3.97 1.4 15 -20.1 -27.3 14.2 11.7 7.2 2.2 
Prof Re c29 181 43.06 34.92 142 297 47.9 7.7 1.58 0.27 6.44 -6.22 4.92 5.58 1.3 17 -20.4 -24.8 13.2 12.0 7.8 2.7 
Prof Re c30 216 49.34 47.96 136 299 52.4 10.7 1.19 0.41 5.69 -5.54 4.39 4.90 1.1 16 -19.3 -24.6 14.5 13.6 6.4 1.9 
Prof Ro c1 210 47.17 27.14 156 312 46.2 4.4 1.58 0.21 5.95 -11.20 3.36 9.08 2.1 17 -15.1 -20.8 11.7 10.2 8.0 1.8 
Prof Ro c2 175 30.01 26.88 146 237 46.0 9.5 2.44 0.09 5.76 -7.56 5.12 6.44 2.3 16 -15.8 -22.4 10.7 14.8 10.7 2.7 
Prof Ro c3 182 18.11 10.30 139 210 11.6 16.4 1.95 0.23 4.86 -4.76 3.43 4.95 2.2 17 -18.1 -17.8 9.6 9.6 11.7 2.5 
Prof Ro c4 187 51.58 47.53 127 279 69.6 9.7 2.19 0.16 4.58 -4.94 4.20 6.46 2.2 22 -16.5 -13.4 8.9 15.0 10.7 2.8 
Prof Ro c5 172 53.97 28.06 127 316 59.7 4.6 1.92 0.25 5.48 -7.58 3.33 8.39 1.1 17 -19.6 -22.4 11.2 13.3 9.3 2.3 
Prof Ro c6 179 48.41 38.19 137 285 61.2 6.9 1.85 0.25 5.14 -4.88 5.13 5.93 1.9 19 -15.6 -18.3 10.1 13.5 9.7 2.7 
Prof Ro c7 163 45.62 32.50 125 300 65.3 9.3 1.32 0.90 3.83 -6.51 2.10 7.55 1.8 22 -14.0 -21.2 12.2 12.1 9.5 2.7 
Prof Ro c8 176 51.35 44.79 130 302 61.0 5.6 1.60 0.04 7.10 -3.70 6.06 4.29 1.6 15 -16.5 -21.0 11.4 10.9 10.7 2.6 
Prof Ro c9 187 46.92 33.77 138 303 53.9 15.2 1.42 0.26 7.72 -7.57 4.55 9.31 1.9 22 -16.3 -18.2 9.5 8.9 10.3 2.6 
Prof Ro c10 185 51.43 37.49 138 314 67.2 7.4 1.55 0.25 5.69 -5.67 5.13 5.00 1.8 17 -15.2 -19.7 10.3 13.6 8.9 2.6 
Prof Ro c11 195 42.65 31.81 124 310 64.2 8.0 1.96 0.21 7.30 -6.53 5.20 8.06 1.8 21 -18.2 -20.8 10.1 12.9 9.7 2.8 
Prof Ro c12 174 56.55 29.56 124 377 86.2 3.8 1.54 0.11 6.98 -7.85 4.59 8.30 1.6 17 -16.5 -22.6 12.4 14.7 9.4 2.5 
Prof Ro c13 244 52.57 43.31 136 318 43.5 3.0 1.21 0.41 5.87 -6.07 4.59 7.07 1.6 21 -17.1 -19.7 12.4 12.0 10.0 2.7 
Prof Ro c14 157 52.45 16.00 131 347 70.5 3.9 1.61 0.27 6.55 -5.10 7.03 6.94 1.2 17 -16.8 -25.8 11.3 12.5 8.9 2.7 
Prof Ro c15 180 48.93 38.27 135 295 59.6 4.1 1.56 0.35 5.95 -5.72 5.07 5.95 1.5 17 -15.0 -23.8 12.3 13.8 8.1 2.4 
Prof Ro c16 158 15.86 11.34 139 198 16.1 17.1 2.12 0.31 3.28 -2.78 3.06 2.79 2.6 18 -14.1 -21.6 9.9 14.0 11.1 2.7 
Prof Ro c17 188 41.97 32.61 127 301 55.1 8.5 1.34 0.30 6.17 -5.45 3.77 6.61 2.4 23 -19.2 -23.4 12.5 13.7 9.0 2.7 
Prof Ro c18 187 71.56 69.26 121 346 83.0 3.8 0.99 0.28 6.81 -7.32 5.33 6.70 1.3 19 -15.8 -22.8 12.3 14.4 9.4 2.4 
Prof Ro c19 157 17.52 13.10 131 206 22.1 5.1 1.77 0.14 2.98 -2.49 2.11 1.98 2.0 16 -17.1 -20.1 10.3 8.1 11.9 3.0 
Prof Ro c20 152 61.07 53.81 131 308 75.7 3.6 1.43 0.73 2.11 -5.26 2.24 3.75 1.7 15 -15.1 -20.3 11.7 14.7 9.2 2.3 
Prof Ro c21 191 46.23 26.52 121 301 56.3 8.4 1.74 0.33 7.44 -5.25 5.18 6.27 1.8 22 -19.4 -22.0 11.8 12.7 10.4 2.6 
Prof Ro c22 168 35.10 31.26 125 247 61.3 28.3 1.39 0.80 7.42 -4.03 4.22 6.26 2.2 21 -13.9 -17.7 11.0 14.7 9.2 2.9 
Prof Ro c23 231 31.56 19.99 150 310 52.9 3.9 2.05 0.13 3.53 -5.21 2.77 6.49 2.7 17 -17.9 -17.9 12.1 13.1 8.9 2.2 
Prof Ro c24 194 41.11 40.81 120 273 41.6 6.8 1.66 0.31 4.53 -5.75 3.23 5.91 2.9 19 -19.3 -20.5 11.6 12.7 7.9 2.6 
Prof Ro c25 188 26.73 18.58 123 249 36.4 14.9 1.88 0.34 6.13 -4.73 4.46 3.96 2.8 16 -16.2 -18.4 9.9 9.8 10.0 2.9 
Prof Ro c26 207 39.00 37.31 129 255 43.3 6.5 1.67 0.20 4.70 -4.24 4.40 4.91 2.9 44 -15.4 -19.3 10.4 11.8 9.8 2.4 
Prof Ro c27 177 27.98 26.13 136 230 32.2 7.7 1.80 0.39 4.09 -2.93 3.45 4.02 2.6 22 -16.8 -23.0 12.2 13.8 8.5 2.4 
Prof Ro c28 183 44.02 26.61 125 316 53.9 6.5 1.10 0.50 5.01 -5.66 3.65 6.00 2.5 17 -17.3 -22.2 11.5 15.0 10.4 2.6 
Prof Ro c29 182 33.95 24.24 136 279 32.7 10.2 1.63 0.20 6.55 -6.18 3.94 4.44 2.6 17 -16.8 -21.1 10.4 12.3 9.7 2.7 
Prof Ro c30 196 34.23 25.81 141 298 40.6 13.8 1.59 0.13 7.50 -8.64 4.61 7.06 2.0 17 -15.1 -20.6 11.4 13.6 8.7 2.4 
