subj chunk f0med f0sd f0SAQ f0min f0max sdf0peak f0peakwidth f0peak_rate sdtf0peak df0posmean df0negmean df0sdpos df0sdneg emph cvint slLTASmed slLTAShigh  hnr SPI shimmer jitter 
CV v1 84 13.77 7.05 76 120 21.0 5.2 1.26 0.29 0.88 -0.87 2.05 1.43 2.9 13 -11.8 -16.3 5.0 10.2 10.8 1.3 
CV v2 101 15.79 10.27 76 149 24.3 36.9 1.09 0.46 2.16 -1.37 1.57 3.42 5.6 12 -6.6 -8.2 2.5 10.1 11.3 2.1 
CV v3 104 4.94 3.95 93 113 3.7 14.3 2.08 0.17 1.48 -0.65 1.11 0.91 3.0 11 -10.8 -13.4 6.4 10.3 10.2 2.0 
CV v4 89 7.09 4.63 80 103 NA NA NA NA NA -0.23 0 0.45 4.4 11 -7.5 -8.6 2.4 8.3 13.4 2.3 
CV v5 84 12.43 5.15 79 121 18.4 11.1 1.57 0.36 2.26 -0.73 1.92 1.86 3.3 10 -7.7 -17.9 2.7 10.8 11.9 3.1 
CV v6 87 7.18 4.87 80 109 13.4 10.2 1.69 0.40 1.01 -1.12 1.91 0.89 2.8 10 -10.5 -12.6 4.5 8.6 10.7 2.0 
CV v7 85 20.55 5.07 81 197 41.6 11.6 1.18 0.28 3.60 -1.73 3.24 2.43 4.3 10 -5.5 -10.9 1.6 4.5 14.1 3.0 
CV v8 81 4.35 2.87 76 94 7.5 24.7 0.65 NA 0.14 -0.27 0.05 0.51 5.2 11 -6.1 -10.0 1.6 7.0 12.8 2.9 
CV v9 92 5.34 4.10 81 100 5.3 10.4 0.99 0.15 0.39 -0.39 0.46 0.66 3.3 13 -9.0 -11.8 5.0 9.3 11.6 2.4 
CV v10 127 0.29 0.24 126 127 NA NA NA NA 0.29 0 0.23 0 6.2 11 -5.1 -7.3 -0.01 6.8 NA 2.4 
CV v11 84 16.24 8.96 77 124 22.8 13.1 0.63 NA 0.67 -0.21 1.65 0.39 5.0 10 -6.8 -8.1 1.8 8.1 14.8 3.3 
CV v12 90 16.66 12.84 77 133 NA NA NA NA 3.10 -0.42 1.80 0.94 4.0 12 -11.7 -17.3 1.9 11.0 16.2 1.8 
CV v13 88 17.02 6.46 75 130 21.0 23.5 0.94 NA 1.52 -0.64 1.88 1.39 5.5 12 -5.6 -8.4 -0.3 7.7 19.5 3.6 
CV v14 78 4.04 4.30 75 86 5.4 21.8 0.44 NA 0.10 -0.14 0.13 0.30 5.7 11 -4.4 -7.1 0.4 -2.6 13.3 2.7 
JM v1 87 9.13 4.82 81 114 15.8 14.3 2.17 0.08 1.37 -1.03 1.50 1.90 1.7 19 -22.8 -29.5 6.9 19.6 9.8 2.5 
JM v2 96 17.43 9.31 85 150 22.4 21.3 1.58 0.20 3.16 -2.36 3.29 2.45 1.5 16 -22.0 -25.3 8.3 19.1 12.5 2.7 
JM v3 97 11.05 10.89 77 117 13.2 5.1 1.94 0.43 1.27 -1.27 0.80 0.74 1.8 17 -19.9 -30.2 8.6 20.3 11.1 2.8 
JM v4 89 7.49 2.62 82 123 18.3 6.5 2.08 0.49 2.99 -0.28 3.54 0.47 1.5 16 -19.6 -21.1 6.9 23.1 10.6 2.2 
JM v5 139 8.22 5.74 127 154 7.6 7.5 2.70 0.08 2.50 -1.25 1.43 1.54 3.2 17 -22.1 -43.1 8.3 18.2 14.3 2.7 
JM v6 98 7.11 4.42 80 111 6.4 21.0 3.45 NA 3.59 -0.92 2.26 1.09 1.8 18 -23.3 -34.5 8.2 21.1 14.5 1.9 
JM v7 138 28.86 22.34 105 194 37.6 3.4 1.45 0.60 3.75 -3.09 3.09 3.03 2.2 14 -22.2 -34.7 9.7 11.2 11.0 2.8 
JM v8 99 6.85 4.12 80 110 5.7 17.7 2.29 0.07 1.81 -1.18 1.09 1.30 2.8 16 -21.8 -25.1 5.5 20.5 12.8 2.5 
JM v9 162 24.33 13.91 96 195 17.6 4.2 2.59 0.08 3.82 -3.10 3.41 3.11 2.7 16 -20.5 -28.1 8.5 13.1 9.8 2.5 
JM v10 101 7.61 5.93 81 112 6.8 10.7 1.79 0.06 1.32 -1.03 1.14 1.31 1.8 18 -20.6 -25.4 6.8 19.6 12.1 3.2 
JM v11 95 15.92 13.20 82 131 23.1 3.6 1.47 0.58 1.88 -0.40 1.83 0.64 2.6 18 -21.1 -23.8 7.2 19.1 11.2 2.2 
JM v12 130 31.55 30.19 79 179 14.5 32.1 1.32 NA 6.09 -2.89 4.88 3.82 1.8 18 -23.9 -28.7 9.2 18.7 11.5 2.0 
JM v13 106 12.25 9.07 81 125 1.1 10.7 0.95 NA 2.23 -1.14 1.33 2.06 2.0 19 -21.3 -26.9 7.0 20.1 10.5 2.2 
JM v14 96 19.23 15.68 86 148 NA 56.2 NA NA 3.12 -1.55 4.89 2.19 0.9 17 -23.2 -24.0 6.3 17.2 12.3 3.4 
ML v1 151 20.08 3.64 125 204 25.3 7.2 2.27 0.34 2.71 -2.05 3.36 4.00 3.2 20 -11.3 -18.8 7.4 15.0 15.1 1.6 
ML v2 147 18.87 5.66 129 196 21.0 4.6 1.72 0.31 1.85 -0.91 1.77 1.14 8.7 20 -7.5 -8.7 6.3 14.2 13.3 1.6 
ML v3 157 15.27 12.33 135 189 19.8 6.5 1.80 0.62 2.00 -1.64 1.34 1.30 4.1 17 -8.3 -17.2 7.3 10.8 12.7 1.8 
ML v4 133 16.89 15.45 118 172 38.2 21.9 0.87 NA 3.63 -0.80 3.41 0.95 5.6 20 -7.4 -9.9 6.0 12.4 13.2 1.6 
ML v5 160 17.39 12.42 133 196 21.7 7.7 2.20 0.27 2.31 -2.20 1.59 2.58 2.4 21 -9.1 -30.2 7.4 11.0 15.1 2.0 
ML v6 160 17.80 16.04 125 176 23.4 7.4 1.80 0.37 2.16 -1.24 1.52 1.15 3.9 20 -10.6 -14.8 6.5 10.9 14.7 2.4 
ML v7 152 15.92 14.02 131 181 15.1 6.7 2.75 0.29 2.31 -1.26 1.94 1.88 3.8 19 -11.2 -16.9 7.9 8.6 15.0 2.7 
ML v8 128 11.35 10.94 115 148 16.2 13.2 1.08 NA 0.78 -0.54 0.52 0.55 9.3 21 -5.3 -8.3 6.3 20.3 13.8 1.6 
ML v9 147 21.85 9.11 125 199 32.0 4.8 1.43 0.18 2.80 -1.65 2.27 1.43 6.7 21 -6.3 -12.5 6.7 13.7 15.4 2.0 
ML v10 128 3.09 1.84 124 136 3.0 21.6 1.98 0.31 0.87 -0.37 0.80 0.34 7.0 19 -8.0 -13.3 6.2 20.9 12.3 1.1 
ML v11 136 3.33 1.86 130 145 4.5 21.8 1.56 0.57 1.13 -0.43 0.82 0.44 7.6 17 -7.4 -10.8 6.5 20.6 16.6 1.1 
ML v12 154 18.47 9.56 124 187 26.2 11.0 1.72 0.33 2.06 -1.26 1.92 1.67 5.0 22 -12.0 -20.8 7.3 12.3 15.5 1.6 
ML v13 159 25.87 26.76 128 198 32.8 5.9 1.60 0.28 1.16 -1.50 0.65 1.88 4.7 23 -10.7 -18.8 7.5 7.6 15.3 2.1 
ML v14 135 9.72 7.82 123 152 9.4 9.1 1.26 NA 0.41 -1.11 0.46 0.90 6.2 19 -11.3 -9.8 7.5 11.9 14.8 2.0 
ME v1 84 6.79 5.88 79 100 9.1 18.5 1.46 0.93 0.80 -0.24 0.90 0.45 0.9 28 -24.7 -19.9 7.2 14.7 16.8 2.0 
ME v2 90 3.78 1.68 83 97 3.3 28.7 1.31 0.31 0.89 -0.45 0.59 0.68 1.3 27 -20.4 -14.9 6.2 11.5 17.2 2.1 
ME v3 98 8.38 5.89 90 126 15.0 6.8 2.07 0.13 2.79 -0.96 2.00 1.10 0.3 24 -27.0 -22.1 7.9 9.2 19.1 3.0 
ME v4 89 4.13 3.53 82 94 4.7 5.5 2.59 0.04 0.38 -0.22 0.35 0.43 0.7 29 -20.4 -17.5 5.3 6.2 21.6 3.6 
ME v5 93 5.90 1.79 83 108 10.3 5.0 2.09 0.17 0.59 -0.46 0.42 0.70 0.5 30 -22.2 -36.0 10.0 17.0 14.4 2.5 
ME v6 92 7.21 4.11 84 127 19.0 11.2 1.27 NA 3.25 -0.61 2.78 0.69 0.3 28 -25.3 -26.9 8.1 16.7 16.6 1.8 
ME v7 96 4.40 2.79 91 109 6.8 20.9 1.85 0.13 1.33 -0.35 1.34 0.53 0.2 30 -24.7 -29.8 8.7 12.0 12.2 2.7 
ME v8 87 12.56 5.86 82 135 19.0 29.5 2.53 NA 1.73 -0.50 2.86 1.11 2.5 29 -18.3 -11.7 1.2 14.5 24.1 4.2 
ME v9 98 13.50 5.06 94 135 19.2 8.2 1.41 0.47 2.28 -1.58 2.03 0.75 0.7 27 -23.3 -17.8 6.6 13.4 14.9 3.3 
ME v10 146 30.29 32.03 85 167 52.0 6.1 0.99 NA 2.67 -1.44 1.10 2.62 0.7 29 -18.4 -18.9 5.9 14.2 14.0 3.3 
ME v11 111 17.39 12.15 96 164 28.1 28.2 1.38 0.18 2.06 -1.99 2.73 3.69 0.7 29 -19.7 -22.1 6.6 8.5 19.0 5.3 
ME v12 92 4.13 2.18 86 103 7.5 8.4 1.90 NA 1.09 -0.25 0.70 0.43 1.4 30 -21.8 -17.4 4.4 12.4 16.9 3.8 
ME v13 91 3.20 1.68 87 99 3.3 27.3 2.22 0.28 0.96 -0.61 1.16 0.81 1.0 23 -16.9 -16.9 2.6 10.6 17.6 3.7 
ME v14 88 11.13 3.84 81 128 18.0 7.1 1.19 0.03 0.69 -1.79 0.92 1.16 1.2 21 -20.5 -14.1 4.8 8.4 20.8 4.5 
SC v1 160 11.26 7.93 131 179 8.7 10.8 2.94 0.06 2.80 -1.87 1.93 2.47 2.1 22 -15.8 -27.8 9.4 12.2 10.9 1.9 
SC v2 155 22.59 14.54 114 209 21.5 7.2 1.57 0.36 4.35 -4.14 2.83 3.48 2.3 21 -13.9 -17.0 9.7 16.9 9.0 2.1 
SC v3 183 26.52 24.74 139 240 24.9 7.0 2.44 0.07 2.81 -4.23 2.41 3.91 2.7 19 -12.4 -19.8 8.0 18.1 10.8 2.4 
SC v4 131 16.02 11.48 107 168 15.5 12.4 2.11 0.06 2.65 -1.74 2.10 2.85 1.1 21 -14.8 -20.4 8.5 17.8 10.0 2.2 
SC v5 154 26.21 15.98 129 223 32.3 8.0 2.21 0.06 5.44 -4.19 3.90 4.70 2.4 18 -12.4 -30.3 9.8 18.9 10.6 2.7 
SC v6 147 21.41 11.39 134 213 28.4 6.9 2.07 0.12 4.06 -3.09 3.43 3.36 1.7 19 -18.7 -24.4 11.4 14.6 8.9 1.9 
SC v7 146 8.82 7.53 130 164 10.1 9.5 2.31 0.07 1.53 -1.41 1.71 1.72 1.9 21 -16.3 -33.9 11.6 19.9 10.0 2.3 
SC v8 142 38.34 21.39 112 251 93.1 14.9 1.27 NA 4.54 -2.21 2.35 3.33 5.7 21 -18.8 -18.1 7.5 17.6 10.4 2.4 
SC v9 185 25.05 22.13 128 214 32.3 9.9 1.62 0.47 4.39 -2.33 2.23 2.40 2.5 21 -15.3 -15.0 10.2 14.8 10.1 2.3 
SC v10 125 7.36 5.33 114 143 9.0 12.8 1.47 0.13 1.43 -0.59 1.21 0.74 5.2 21 -14.4 -19.3 8.5 21.9 10.4 2.5 
SC v11 162 22.23 17.40 137 213 29.4 21.3 2.16 0.22 4.33 -2.68 2.25 3.18 2.1 19 -14.3 -20.2 9.0 18.6 9.1 3.2 
SC v12 191 21.78 9.23 150 252 34.4 7.7 2.59 0.14 5.36 -2.50 3.76 4.28 3.7 24 -14.0 -19.6 7.7 15.0 11.9 3.0 
SC v13 159 17.88 12.38 128 189 16.2 8.4 1.47 0.56 3.10 -1.84 2.53 2.27 4.0 25 -15.8 -20.7 8.1 19.1 11.5 2.3 
SC v14 145 16.70 14.91 115 167 7.7 20.4 2.63 NA 2.60 -2.24 1.05 1.62 1.7 12 -11.5 -18.1 8.7 17.0 8.4 2.2 
SM v1 107 11.02 5.31 90 132 10.0 25.8 1.82 0.10 2.13 -2.74 0.76 2.29 0.7 19 -19.9 -26.8 9.9 11.6 12.6 3.3 
SM v2 130 24.80 19.79 97 212 32.7 25.4 1.90 0.27 3.77 -7.12 2.00 6.04 0.7 18 -17.7 -19.3 7.1 11.0 15.5 4.7 
SM v3 142 18.86 14.01 116 200 17.4 6.4 2.17 0.09 3.66 -3.32 1.32 2.48 1.2 14 -20.0 -24.7 8.7 17.5 13.9 3.6 
SM v4 129 18.10 11.66 89 160 13.7 10.6 2.20 0.03 1.46 -1.38 0.73 1.95 0.6 18 -19.0 -25.2 10.0 16.1 10.9 3.5 
SM v5 136 21.77 19.42 94 170 30.2 7.9 1.88 0.15 3.23 -2.74 2.09 3.64 0.8 18 -17.4 -33.5 9.4 18.0 10.8 3.5 
SM v6 132 19.27 11.75 89 194 32.5 20.5 1.10 0.83 5.62 -2.70 5.33 2.68 1.1 18 -18.4 -24.9 7.2 18.8 11.5 3.7 
SM v7 143 17.13 12.70 102 177 13.0 21.4 1.95 0.31 4.72 -5.87 2.62 3.57 0.8 17 -17.4 -30.9 8.4 12.3 11.9 4.5 
SM v8 142 19.53 10.68 93 166 31.5 14.8 1.71 0.06 2.04 -1.91 2.84 2.36 1.7 19 -16.4 -29.6 8.0 15.2 14.1 4.5 
SM v9 117 11.53 8.90 92 142 14.0 24.7 1.53 0.55 1.20 -3.38 1.16 2.56 2.3 18 -15.0 -23.8 6.8 21.2 13.1 3.7 
SM v10 131 11.51 8.45 110 151 8.6 32.4 1.62 0.04 2.98 -0.98 2.86 1.94 1.7 18 -14.5 -22.9 7.1 20.4 15.6 4.1 
SM v11 132 13.88 10.14 113 167 16.3 19.5 1.30 0.55 1.75 -1.93 2.75 3.28 1.0 18 -16.2 -22.9 7.5 21.3 14.0 3.6 
SM v12 149 21.08 15.33 84 161 3.0 4.3 1.51 0.83 2.63 -1.63 1.41 2.17 0.9 19 -17.4 -23.7 9.5 14.9 15.0 3.7 
SM v13 130 19.40 8.98 79 156 13.3 21.6 1.47 0.25 2.36 -2.20 1.35 2.37 1.4 19 -13.5 -23.0 7.5 20.6 13.5 3.4 
SM v14 121 19.20 13.03 76 147 5.4 27.4 1.23 NA 1.35 -3.04 1.07 1.90 0.7 18 -16.5 -22.2 8.0 17.7 13.5 4.0 
YR v1 97 12.22 3.63 83 134 20.1 15.2 3.26 0.03 1.74 -1.33 1.21 2.11 1.1 13 -18.0 -32.4 8.5 15.2 11.2 2.4 
YR v2 96 8.34 3.36 85 120 3.0 9.9 2.61 0.17 1.78 -1.38 0.96 1.66 2.0 12 -15.3 -22.6 9.1 14.6 11.5 2.1 
YR v3 104 12.02 9.31 88 126 14.2 7.4 1.14 NA 0.94 -1.80 0.75 1.17 2.1 13 -11.8 -27.7 9.4 23.3 11.3 2.1 
YR v4 107 10.84 10.01 82 114 11.8 10.7 1.83 0.13 0.86 -0.72 0.50 1.23 0.7 12 -15.1 -23.7 8.8 18.1 10.9 2.0 
YR v5 113 8.97 4.90 85 120 4.4 3.9 3.31 0.09 0.54 -1.57 0.16 1.33 2.4 13 -14.3 -39.2 8.9 23.5 14.2 2.2 
YR v6 100 4.64 1.54 86 110 4.8 17.6 1.89 0.11 1.17 -0.66 0.90 1.00 1.8 13 -17.6 -24.2 9.6 14.1 11.0 2.3 
YR v7 97 6.00 3.94 79 105 5.2 7.7 0.85 NA 0.31 -0.74 0.11 0.99 1.1 14 -15.0 -36.1 8.5 16.2 12.7 2.8 
YR v8 87 2.75 2.58 81 93 2.9 24.4 2.47 0.19 0.72 -0.15 0.71 0.36 1.4 11 -18.6 -23.9 4.6 13.3 16.1 2.8 
YR v9 118 17.05 7.55 87 145 17.8 8.9 1.80 0.18 2.19 -2.88 1.19 1.70 2.3 12 -12.8 -22.7 7.7 24.0 9.7 2.1 
YR v10 89 2.77 1.79 83 95 2.1 27.0 1.38 0.64 0.63 -0.94 0.80 0.85 1.9 12 -15.6 -24.8 7.9 12.8 14.2 3.0 
YR v11 91 2.68 1.43 86 98 2.6 25.0 1.90 0.25 0.61 -0.40 0.65 0.49 1.4 12 -14.3 -24.3 8.0 12.0 13.3 2.9 
YR v12 113 22.24 22.66 78 142 NA 8.9 NA NA 1.59 -1.04 0.86 1.60 2.4 12 -16.3 -22.9 7.2 12.0 15.3 2.5 
YR v13 109 18.95 19.26 79 132 23.8 4.2 2.00 0.69 0.27 -0.91 0.28 1.39 1.6 13 -14.9 -24.9 7.2 18.4 10.4 2.8 
YR v14 99 7.73 4.84 79 105 NA 4.4 NA NA 0.67 -1.31 0.43 1.17 0.5 9 -19.9 -19.5 9.5 11.5 15.8 2.3 
